{
    "transform": [
        [
            [
                -0.5872101187705994,
                0.8033323884010315,
                0.09920406341552734,
                -0.006412813439965248
            ],
            [
                -0.3576016128063202,
                -0.3674193322658539,
                0.8585593700408936,
                0.055038463324308395
            ],
            [
                0.7261580228805542,
                0.4686792194843292,
                0.503025233745575,
                0.4849155843257904
            ],
            [
                0.0,
                0.0,
                0.0,
                1.0
            ]
        ],
        [
            [
                0.84823077917099,
                0.4969385266304016,
                -0.1831846535205841,
                0.05041983723640442
            ],
            [
                -0.15996067225933075,
                0.5700979828834534,
                0.805854082107544,
                0.050415392965078354
            ],
            [
                0.5048931837081909,
                -0.6542478799819946,
                0.5630652904510498,
                0.4668465554714203
            ],
            [
                0.0,
                0.0,
                0.0,
                1.0
            ]
        ],
        [
            [
                -0.448148638010025,
                0.8887786269187927,
                0.09609971195459366,
                0.0016072718426585197
            ],
            [
                -0.40519067645072937,
                -0.29777079820632935,
                0.8643801212310791,
                0.04982103407382965
            ],
            [
                0.7968583106994629,
                0.3484320640563965,
                0.493570476770401,
                0.48614612221717834
            ],
            [
                0.0,
                0.0,
                0.0,
                1.0
            ]
        ],
        [
            [
                -0.9538112878799438,
                0.2996521294116974,
                -0.0212762001901865,
                0.020101461559534073
            ],
            [
                -0.25827106833457947,
                -0.7817965745925903,
                0.5675299763679504,
                0.13110479712486267
            ],
            [
                0.15342791378498077,
                0.5468115210533142,
                0.8230778574943542,
                0.4145469665527344
            ],
            [
                0.0,
                0.0,
                0.0,
                1.0
            ]
        ],
        [
            [
                -0.861784815788269,
                0.49606382846832275,
                0.10605480521917343,
                -0.020575400441884995
            ],
            [
                -0.23805806040763855,
                -0.5801051259040833,
                0.7789778113365173,
                0.05914907157421112
            ],
            [
                0.44794565439224243,
                0.646064043045044,
                0.6180177927017212,
                0.4667530059814453
            ],
            [
                0.0,
                0.0,
                0.0,
                1.0
            ]
        ],
        [
            [
                0.743478000164032,
                0.6105464100837708,
                0.2728983461856842,
                -0.023846223950386047
            ],
            [
                -0.6602070331573486,
                0.6050231456756592,
                0.44505468010902405,
                0.07199989259243011
            ],
            [
                0.10661668330430984,
                -0.5110577940940857,
                0.8529084324836731,
                0.4242757558822632
            ],
            [
                0.0,
                0.0,
                0.0,
                1.0
            ]
        ],
        [
            [
                0.9433603286743164,
                0.32671475410461426,
                0.05769515782594681,
                -0.02295728772878647
            ],
            [
                -0.2989494204521179,
                0.7616714239120483,
                0.574878990650177,
                0.09082301706075668
            ],
            [
                0.14387668669223785,
                -0.5595659613609314,
                0.8162018060684204,
                0.45285749435424805
            ],
            [
                0.0,
                0.0,
                0.0,
                1.0
            ]
        ],
        [
            [
                0.1526430994272232,
                0.987852156162262,
                0.02912176586687565,
                0.02292362041771412
            ],
            [
                -0.4959264099597931,
                0.05107567459344864,
                0.86686110496521,
                0.04371095448732376
            ],
            [
                0.854843258857727,
                -0.14676260948181152,
                0.4976983666419983,
                0.48374173045158386
            ],
            [
                0.0,
                0.0,
                0.0,
                1.0
            ]
        ],
        [
            [
                0.5701184868812561,
                0.7329188585281372,
                0.3712073862552643,
                -0.01538524404168129
            ],
            [
                -0.8160168528556824,
                0.4527618885040283,
                0.35933718085289,
                0.07412237673997879
            ],
            [
                0.09529640525579453,
                -0.5077762603759766,
                0.8562020659446716,
                0.42304760217666626
            ],
            [
                0.0,
                0.0,
                0.0,
                1.0
            ]
        ],
        [
            [
                -0.6078725457191467,
                0.7934815883636475,
                -0.029628627002239227,
                0.03225112333893776
            ],
            [
                -0.6984375715255737,
                -0.5165656208992004,
                0.49532297253608704,
                0.09394065290689468
            ],
            [
                0.3777244985103607,
                0.3217869997024536,
                0.8682035207748413,
                0.42412567138671875
            ],
            [
                0.0,
                0.0,
                0.0,
                1.0
            ]
        ],
        [
            [
                -0.905957043170929,
                0.4119724631309509,
                -0.09757360816001892,
                0.05484795942902565
            ],
            [
                -0.4028502404689789,
                -0.7679614424705505,
                0.4979427456855774,
                0.0837337002158165
            ],
            [
                0.1302059292793274,
                0.4904223084449768,
                0.8617032170295715,
                0.4443664252758026
            ],
            [
                0.0,
                0.0,
                0.0,
                1.0
            ]
        ],
        [
            [
                0.6178849339485168,
                0.7862374186515808,
                -0.006985269952565432,
                -0.003278357908129692
            ],
            [
                -0.6992945671081543,
                0.5535767078399658,
                0.452260822057724,
                0.09225424379110336
            ],
            [
                0.3594512939453125,
                -0.2745603919029236,
                0.8918583393096924,
                0.4249689280986786
            ],
            [
                0.0,
                0.0,
                0.0,
                1.0
            ]
        ],
        [
            [
                0.7877364158630371,
                0.4567968249320984,
                -0.41328924894332886,
                0.04989274963736534
            ],
            [
                -0.09231775999069214,
                0.7508744597434998,
                0.6539609432220459,
                0.04377957433462143
            ],
            [
                0.6090556383132935,
                -0.47699493169784546,
                0.6336616277694702,
                0.4619661569595337
            ],
            [
                0.0,
                0.0,
                0.0,
                1.0
            ]
        ],
        [
            [
                -0.9178648591041565,
                0.37927868962287903,
                0.11692646145820618,
                -0.0213577002286911
            ],
            [
                -0.14687618613243103,
                -0.5982840657234192,
                0.7877078056335449,
                0.06927619874477386
            ],
            [
                0.3687160313129425,
                0.7058355808258057,
                0.6048508882522583,
                0.4726824164390564
            ],
            [
                0.0,
                0.0,
                0.0,
                1.0
            ]
        ],
        [
            [
                0.8749811053276062,
                -0.12110644578933716,
                -0.4687657058238983,
                0.05784975737333298
            ],
            [
                0.44219473004341125,
                0.5941739678382874,
                0.6718788146972656,
                0.05784466117620468
            ],
            [
                0.1971595585346222,
                -0.7951669692993164,
                0.5734436511993408,
                0.4411165416240692
            ],
            [
                0.0,
                0.0,
                0.0,
                1.0
            ]
        ],
        [
            [
                0.8112265467643738,
                0.5840587615966797,
                0.028053084388375282,
                -0.01737431064248085
            ],
            [
                -0.5212137699127197,
                0.7005255818367004,
                0.4874424636363983,
                0.08879421651363373
            ],
            [
                0.265043169260025,
                -0.4100479185581207,
                0.872704267501831,
                0.4379291832447052
            ],
            [
                0.0,
                0.0,
                0.0,
                1.0
            ]
        ],
        [
            [
                0.8442205786705017,
                0.5352522730827332,
                0.028226913884282112,
                -0.01991075649857521
            ],
            [
                -0.4833393394947052,
                0.7374644875526428,
                0.47173014283180237,
                0.08643419295549393
            ],
            [
                0.23167824745178223,
                -0.4118874669075012,
                0.8812910914421082,
                0.4406589865684509
            ],
            [
                0.0,
                0.0,
                0.0,
                1.0
            ]
        ],
        [
            [
                0.4487242102622986,
                0.8936284780502319,
                -0.008637286722660065,
                0.002314862795174122
            ],
            [
                -0.8323367238044739,
                0.42142707109451294,
                0.3600204288959503,
                0.09027170389890671
            ],
            [
                0.32536450028419495,
                -0.15436075627803802,
                0.9329044222831726,
                0.4201013445854187
            ],
            [
                0.0,
                0.0,
                0.0,
                1.0
            ]
        ],
        [
            [
                -0.666094958782196,
                0.7275577187538147,
                -0.1642475426197052,
                0.045379191637039185
            ],
            [
                -0.718063473701477,
                -0.5659594535827637,
                0.4050613343715668,
                0.07745865732431412
            ],
            [
                0.20174802839756012,
                0.38774946331977844,
                0.8994154334068298,
                0.4159300923347473
            ],
            [
                0.0,
                0.0,
                0.0,
                1.0
            ]
        ],
        [
            [
                0.9428508877754211,
                0.21916869282722473,
                -0.2509927749633789,
                0.05573726445436478
            ],
            [
                0.040741242468357086,
                0.6717702150344849,
                0.7396384477615356,
                0.06595847755670547
            ],
            [
                0.33071503043174744,
                -0.7075945138931274,
                0.6244499087333679,
                0.4639999568462372
            ],
            [
                0.0,
                0.0,
                0.0,
                1.0
            ]
        ],
        [
            [
                0.8875072002410889,
                0.4598017930984497,
                0.030218973755836487,
                -0.021207962185144424
            ],
            [
                -0.40445640683174133,
                0.74590003490448,
                0.5291956067085266,
                0.09074234962463379
            ],
            [
                0.22078478336334229,
                -0.48188716173171997,
                0.8479614853858948,
                0.44753730297088623
            ],
            [
                0.0,
                0.0,
                0.0,
                1.0
            ]
        ],
        [
            [
                0.5421338677406311,
                0.8367732763290405,
                0.07682012021541595,
                -0.012338664382696152
            ],
            [
                -0.7838995456695557,
                0.47070661187171936,
                0.4048910439014435,
                0.07996577769517899
            ],
            [
                0.30264225602149963,
                -0.2797243893146515,
                0.9111322164535522,
                0.41467052698135376
            ],
            [
                0.0,
                0.0,
                0.0,
                1.0
            ]
        ],
        [
            [
                -0.5804733037948608,
                0.8085435628890991,
                0.0964774414896965,
                -0.007357968017458916
            ],
            [
                -0.35770878195762634,
                -0.35964030027389526,
                0.8618022799491882,
                0.046246014535427094
            ],
            [
                0.7315019369125366,
                0.4657423794269562,
                0.49798479676246643,
                0.47690147161483765
            ],
            [
                0.0,
                0.0,
                0.0,
                1.0
            ]
        ],
        [
            [
                -0.8633469939231873,
                0.48262444138526917,
                0.14732792973518372,
                -0.019450075924396515
            ],
            [
                -0.17445780336856842,
                -0.5594374537467957,
                0.8103049993515015,
                0.06780645996332169
            ],
            [
                0.4734937846660614,
                0.6738718748092651,
                0.5671862959861755,
                0.47700002789497375
            ],
            [
                0.0,
                0.0,
                0.0,
                1.0
            ]
        ],
        [
            [
                0.13295792043209076,
                0.9895800948143005,
                0.05525778606534004,
                0.02146971970796585
            ],
            [
                -0.476236492395401,
                0.014892429113388062,
                0.8791911005973816,
                0.04722922667860985
            ],
            [
                0.8692071437835693,
                -0.14321120083332062,
                0.47325417399406433,
                0.487040638923645
            ],
            [
                0.0,
                0.0,
                0.0,
                1.0
            ]
        ],
        [
            [
                -0.5989890694618225,
                0.7955706119537354,
                0.09099136292934418,
                -0.0062377117574214935
            ],
            [
                -0.3702242076396942,
                -0.3759017884731293,
                0.849489152431488,
                0.03898226469755173
            ],
            [
                0.7100324630737305,
                0.4751475155353546,
                0.5197005867958069,
                0.47167500853538513
            ],
            [
                0.0,
                0.0,
                0.0,
                1.0
            ]
        ],
        [
            [
                0.3151860237121582,
                0.9488064646720886,
                0.020597485825419426,
                0.007812421768903732
            ],
            [
                -0.8953991532325745,
                0.2901117205619812,
                0.3377804756164551,
                0.08914566040039062
            ],
            [
                0.3145127296447754,
                -0.12490665912628174,
                0.9409995079040527,
                0.416999489068985
            ],
            [
                0.0,
                0.0,
                0.0,
                1.0
            ]
        ],
        [
            [
                0.8009132742881775,
                0.5699695348739624,
                -0.18350131809711456,
                0.04883637651801109
            ],
            [
                -0.23861970007419586,
                0.5848870277404785,
                0.7752211093902588,
                0.058808520436286926
            ],
            [
                0.5491799712181091,
                -0.5770978927612305,
                0.6044496893882751,
                0.47649601101875305
            ],
            [
                0.0,
                0.0,
                0.0,
                1.0
            ]
        ],
        [
            [
                -0.62413090467453,
                0.7759164571762085,
                0.09172890335321426,
                -0.008867204189300537
            ],
            [
                -0.36333167552948,
                -0.3921643793582916,
                0.8451018333435059,
                0.04381056874990463
            ],
            [
                0.6917012929916382,
                0.49412617087364197,
                0.5266769528388977,
                0.47330015897750854
            ],
            [
                0.0,
                0.0,
                0.0,
                1.0
            ]
        ],
        [
            [
                0.467588871717453,
                -0.8837754130363464,
                0.017365222796797752,
                0.013138430193066597
            ],
            [
                0.7812249660491943,
                0.4223633408546448,
                0.45967021584510803,
                0.08335372805595398
            ],
            [
                -0.41357970237731934,
                -0.20137052237987518,
                0.8879198431968689,
                0.4110969603061676
            ],
            [
                0.0,
                0.0,
                0.0,
                1.0
            ]
        ]
    ],
    "width": 0.1235,
    "depth": 0.02,
    "score": 0.9166719317436218
}