{
    "transform": [
        [
            [
                -0.6091492772102356,
                0.7924171686172485,
                0.03181207552552223,
                -0.04811711609363556
            ],
            [
                -0.39910227060317993,
                -0.3409690260887146,
                0.851150631904602,
                0.06415049731731415
            ],
            [
                0.68531334400177,
                0.5057815313339233,
                0.5239565968513489,
                0.46947818994522095
            ],
            [
                0.0,
                0.0,
                0.0,
                1.0
            ]
        ],
        [
            [
                0.9936936497688293,
                0.04696071147918701,
                0.10182187706232071,
                -0.06412887573242188
            ],
            [
                -0.10591476410627365,
                0.6912153363227844,
                0.7148450613021851,
                0.07560798525810242
            ],
            [
                -0.036811210215091705,
                -0.7211214303970337,
                0.6918300986289978,
                0.43425777554512024
            ],
            [
                0.0,
                0.0,
                0.0,
                1.0
            ]
        ],
        [
            [
                -0.7514094114303589,
                0.6554585695266724,
                0.07588087022304535,
                -0.05668254941701889
            ],
            [
                -0.33481690287590027,
                -0.4778484106063843,
                0.8121320009231567,
                0.05768069624900818
            ],
            [
                0.5685785412788391,
                0.5848374366760254,
                0.5785183906555176,
                0.45516589283943176
            ],
            [
                0.0,
                0.0,
                0.0,
                1.0
            ]
        ],
        [
            [
                -0.7008314728736877,
                0.7125216722488403,
                0.033882759511470795,
                -0.052122004330158234
            ],
            [
                -0.3750671446323395,
                -0.40848469734191895,
                0.8321447372436523,
                0.0623365119099617
            ],
            [
                0.6067617535591125,
                0.5704849362373352,
                0.5535224080085754,
                0.4636814594268799
            ],
            [
                0.0,
                0.0,
                0.0,
                1.0
            ]
        ],
        [
            [
                0.9061675071716309,
                -0.18992677330970764,
                -0.37787333130836487,
                0.014475004747509956
            ],
            [
                0.39540374279022217,
                0.6974862217903137,
                0.5976360440254211,
                0.07285109907388687
            ],
            [
                0.15005438029766083,
                -0.6909708976745605,
                0.7071371078491211,
                0.4378206133842468
            ],
            [
                0.0,
                0.0,
                0.0,
                1.0
            ]
        ],
        [
            [
                -0.7153480052947998,
                0.6915286779403687,
                -0.10032538324594498,
                0.009404635056853294
            ],
            [
                -0.5863263010978699,
                -0.515914797782898,
                0.6245424747467041,
                0.09074672311544418
            ],
            [
                0.3801296651363373,
                0.5055886507034302,
                0.7745201587677002,
                0.4266882836818695
            ],
            [
                0.0,
                0.0,
                0.0,
                1.0
            ]
        ],
        [
            [
                0.2197331339120865,
                0.975430428981781,
                0.01589849218726158,
                -0.01708342880010605
            ],
            [
                -0.5463431477546692,
                0.10953943431377411,
                0.8303675651550293,
                0.0725981816649437
            ],
            [
                0.8082242608070374,
                -0.19114530086517334,
                0.5569891929626465,
                0.4844219982624054
            ],
            [
                0.0,
                0.0,
                0.0,
                1.0
            ]
        ],
        [
            [
                0.8362789750099182,
                0.5185917615890503,
                -0.17804525792598724,
                0.0071145836263895035
            ],
            [
                -0.2030213177204132,
                0.5945101976394653,
                0.7780359983444214,
                0.07113958150148392
            ],
            [
                0.5093327164649963,
                -0.6145081520080566,
                0.602461576461792,
                0.46112677454948425
            ],
            [
                0.0,
                0.0,
                0.0,
                1.0
            ]
        ],
        [
            [
                -0.662896454334259,
                0.7452751398086548,
                -0.07164579629898071,
                -0.0014130715280771255
            ],
            [
                -0.5929173827171326,
                -0.46411794424057007,
                0.6580603718757629,
                0.10785496234893799
            ],
            [
                0.4571838974952698,
                0.4787059426307678,
                0.7495487928390503,
                0.42740708589553833
            ],
            [
                0.0,
                0.0,
                0.0,
                1.0
            ]
        ],
        [
            [
                0.6750877499580383,
                0.727670431137085,
                -0.12145918607711792,
                0.002034951001405716
            ],
            [
                -0.3522310256958008,
                0.4625811278820038,
                0.8136043548583984,
                0.060534439980983734
            ],
            [
                0.6482205390930176,
                -0.506472647190094,
                0.5685909390449524,
                0.4616284966468811
            ],
            [
                0.0,
                0.0,
                0.0,
                1.0
            ]
        ],
        [
            [
                0.8689523339271545,
                0.4897787272930145,
                0.07098356634378433,
                -0.029835984110832214
            ],
            [
                -0.41256216168403625,
                0.6376789808273315,
                0.6505059003829956,
                0.1098409965634346
            ],
            [
                0.27333924174308777,
                -0.5945437550544739,
                0.756176769733429,
                0.4101996123790741
            ],
            [
                0.0,
                0.0,
                0.0,
                1.0
            ]
        ],
        [
            [
                -0.34405139088630676,
                0.9389506578445435,
                0.0006548801902681589,
                -0.03356596827507019
            ],
            [
                -0.4470946788787842,
                -0.16443821787834167,
                0.8792420029640198,
                0.07138799130916595
            ],
            [
                0.825672447681427,
                0.30221161246299744,
                0.4763750433921814,
                0.48345649242401123
            ],
            [
                0.0,
                0.0,
                0.0,
                1.0
            ]
        ],
        [
            [
                0.9789490103721619,
                0.07662444561719894,
                -0.18917599320411682,
                0.011424625292420387
            ],
            [
                0.10202798992395401,
                0.6190325021743774,
                0.7787097692489624,
                0.07648858428001404
            ],
            [
                0.17677432298660278,
                -0.7816184163093567,
                0.5981833934783936,
                0.45072633028030396
            ],
            [
                0.0,
                0.0,
                0.0,
                1.0
            ]
        ],
        [
            [
                0.21408279240131378,
                0.9768090844154358,
                -0.0035350248217582703,
                -0.014770633541047573
            ],
            [
                -0.4874202013015747,
                0.10996044427156448,
                0.8662160038948059,
                0.06593451648950577
            ],
            [
                0.846516489982605,
                -0.18371890485286713,
                0.4996570944786072,
                0.4786740243434906
            ],
            [
                0.0,
                0.0,
                0.0,
                1.0
            ]
        ],
        [
            [
                0.3999977707862854,
                0.915951132774353,
                -0.03217807412147522,
                -0.013032352551817894
            ],
            [
                -0.5112922787666321,
                0.252145379781723,
                0.8215856552124023,
                0.059422288089990616
            ],
            [
                0.7606458067893982,
                -0.3121800422668457,
                0.5691763162612915,
                0.4730222523212433
            ],
            [
                0.0,
                0.0,
                0.0,
                1.0
            ]
        ],
        [
            [
                0.790572464466095,
                0.5945311188697815,
                -0.1467236578464508,
                0.00657096691429615
            ],
            [
                -0.2548696994781494,
                0.5373161435127258,
                0.803948163986206,
                0.06620930135250092
            ],
            [
                0.5568092465400696,
                -0.5981838703155518,
                0.5763153433799744,
                0.4586535692214966
            ],
            [
                0.0,
                0.0,
                0.0,
                1.0
            ]
        ],
        [
            [
                -0.27512112259864807,
                0.9573338031768799,
                0.08843318372964859,
                -0.03449476510286331
            ],
            [
                -0.4808996021747589,
                -0.2166816145181656,
                0.8495790958404541,
                0.047361768782138824
            ],
            [
                0.8324925899505615,
                0.19120967388153076,
                0.5199951529502869,
                0.46717238426208496
            ],
            [
                0.0,
                0.0,
                0.0,
                1.0
            ]
        ],
        [
            [
                0.8835692405700684,
                0.4058000147342682,
                -0.23373420536518097,
                0.009043211117386818
            ],
            [
                -0.10102207958698273,
                0.652525782585144,
                0.7510024309158325,
                0.07032989710569382
            ],
            [
                0.4572743773460388,
                -0.6399503350257874,
                0.6175464987754822,
                0.4558783769607544
            ],
            [
                0.0,
                0.0,
                0.0,
                1.0
            ]
        ],
        [
            [
                -0.251233845949173,
                0.9656948447227478,
                0.06568791717290878,
                -0.030982887372374535
            ],
            [
                -0.47758224606513977,
                -0.1827033907175064,
                0.8593803644180298,
                0.05111726000905037
            ],
            [
                0.841900646686554,
                0.18453404307365417,
                0.5071000456809998,
                0.46856454014778137
            ],
            [
                0.0,
                0.0,
                0.0,
                1.0
            ]
        ],
        [
            [
                0.9887598752975464,
                -0.14667819440364838,
                0.028970303013920784,
                -0.0612834170460701
            ],
            [
                0.049737125635147095,
                0.5054207444190979,
                0.8614383339881897,
                0.07986234128475189
            ],
            [
                -0.14099641144275665,
                -0.8503147959709167,
                0.5070351958274841,
                0.45580798387527466
            ],
            [
                0.0,
                0.0,
                0.0,
                1.0
            ]
        ],
        [
            [
                -0.4017806351184845,
                0.9145853519439697,
                0.0458918958902359,
                -0.03750040754675865
            ],
            [
                -0.4279802739620209,
                -0.23184584081172943,
                0.8735447525978088,
                0.05884962156414986
            ],
            [
                0.8095710277557373,
                0.3313325345516205,
                0.4845755994319916,
                0.4726093113422394
            ],
            [
                0.0,
                0.0,
                0.0,
                1.0
            ]
        ],
        [
            [
                0.9955053925514221,
                -0.0734594315290451,
                0.059771716594696045,
                -0.06177370995283127
            ],
            [
                -0.0072401524521410465,
                0.5702585577964783,
                0.8214333057403564,
                0.08486859500408173
            ],
            [
                -0.09442736208438873,
                -0.8181740045547485,
                0.5671636462211609,
                0.4557192325592041
            ],
            [
                0.0,
                0.0,
                0.0,
                1.0
            ]
        ],
        [
            [
                0.6868549585342407,
                0.7259539365768433,
                -0.03494499623775482,
                -0.056347399950027466
            ],
            [
                -0.552685022354126,
                0.5529333353042603,
                0.623541533946991,
                0.09312798827886581
            ],
            [
                0.4719846546649933,
                -0.4089690148830414,
                0.7810088992118835,
                0.4225589334964752
            ],
            [
                0.0,
                0.0,
                0.0,
                1.0
            ]
        ],
        [
            [
                0.5084916353225708,
                0.860024094581604,
                -0.042365070432424545,
                -0.04464730992913246
            ],
            [
                -0.7122489809989929,
                0.44774821400642395,
                0.5405763983726501,
                0.1109035462141037
            ],
            [
                0.48387762904167175,
                -0.24470411241054535,
                0.8402276039123535,
                0.42645230889320374
            ],
            [
                0.0,
                0.0,
                0.0,
                1.0
            ]
        ],
        [
            [
                -0.07828337699174881,
                0.9931398630142212,
                0.08686082065105438,
                -0.025927910581231117
            ],
            [
                -0.47396859526634216,
                -0.11372799426317215,
                0.8731665015220642,
                0.052888281643390656
            ],
            [
                0.8770548701286316,
                0.027185119688510895,
                0.4796202778816223,
                0.47053974866867065
            ],
            [
                0.0,
                0.0,
                0.0,
                1.0
            ]
        ],
        [
            [
                -0.8268193602561951,
                0.5515692234039307,
                -0.11018700152635574,
                0.01086060144007206
            ],
            [
                -0.49931520223617554,
                -0.6295766830444336,
                0.5952457785606384,
                0.0807391032576561
            ],
            [
                0.25894811749458313,
                0.5471788048744202,
                0.7959530353546143,
                0.42847439646720886
            ],
            [
                0.0,
                0.0,
                0.0,
                1.0
            ]
        ],
        [
            [
                0.6415401101112366,
                0.7607482671737671,
                -0.09842883795499802,
                0.000518210232257843
            ],
            [
                -0.43773046135902405,
                0.4684331715106964,
                0.7674388289451599,
                0.06943415105342865
            ],
            [
                0.6299351453781128,
                -0.449257493019104,
                0.6335213780403137,
                0.47022467851638794
            ],
            [
                0.0,
                0.0,
                0.0,
                1.0
            ]
        ],
        [
            [
                0.49001431465148926,
                0.871078372001648,
                -0.03329494222998619,
                -0.04766874015331268
            ],
            [
                -0.7125009894371033,
                0.42222923040390015,
                0.5604148507118225,
                0.1013450026512146
            ],
            [
                0.5022233128547668,
                -0.2508886158466339,
                0.8275426030158997,
                0.4199477434158325
            ],
            [
                0.0,
                0.0,
                0.0,
                1.0
            ]
        ],
        [
            [
                -0.5903012752532959,
                0.8071724772453308,
                0.004130020271986723,
                -0.04729185253381729
            ],
            [
                -0.393555611371994,
                -0.29227471351623535,
                0.8716017007827759,
                0.07303319871425629
            ],
            [
                0.7047399878501892,
                0.5128821730613708,
                0.4901973605155945,
                0.47680696845054626
            ],
            [
                0.0,
                0.0,
                0.0,
                1.0
            ]
        ],
        [
            [
                0.5711331963539124,
                0.8198848962783813,
                -0.039947327226400375,
                -0.03992895781993866
            ],
            [
                -0.6758687496185303,
                0.4973141551017761,
                0.5439486503601074,
                0.11413978785276413
            ],
            [
                0.4658416211605072,
                -0.28366798162460327,
                0.8381670713424683,
                0.42625337839126587
            ],
            [
                0.0,
                0.0,
                0.0,
                1.0
            ]
        ]
    ],
    "width": 0.1235,
    "depth": 0.02,
    "score": 0.8915510177612305
}