{
    "transform": [
        [
            [
                0.7778950929641724,
                0.6189302802085876,
                -0.10864850878715515,
                -0.023864975199103355
            ],
            [
                -0.4477451741695404,
                0.6672346591949463,
                0.595249593257904,
                0.124391570687294
            ],
            [
                0.4409120976924896,
                -0.41439491510391235,
                0.7961616516113281,
                0.4607463479042053
            ],
            [
                0.0,
                0.0,
                0.0,
                1.0
            ]
        ],
        [
            [
                0.14680957794189453,
                0.9878896474838257,
                0.050209976732730865,
                -0.01132378913462162
            ],
            [
                -0.5555341839790344,
                0.04034624993801117,
                0.8305142521858215,
                0.11568938940763474
            ],
            [
                0.8184306621551514,
                -0.14982080459594727,
                0.554729700088501,
                0.44674810767173767
            ],
            [
                0.0,
                0.0,
                0.0,
                1.0
            ]
        ],
        [
            [
                0.36622315645217896,
                0.9301756620407104,
                0.02557048201560974,
                -0.014215932227671146
            ],
            [
                -0.3678269684314728,
                0.11946770548820496,
                0.9221880435943604,
                0.1073453351855278
            ],
            [
                0.8547420501708984,
                -0.34713214635849,
                0.3858955204486847,
                0.44481161236763
            ],
            [
                0.0,
                0.0,
                0.0,
                1.0
            ]
        ],
        [
            [
                0.6532097458839417,
                0.7443662881851196,
                -0.13869377970695496,
                -0.021575961261987686
            ],
            [
                -0.5000311732292175,
                0.5616222620010376,
                0.6592035889625549,
                0.12191852927207947
            ],
            [
                0.5685823559761047,
                -0.3612469732761383,
                0.7390634417533875,
                0.45530298352241516
            ],
            [
                0.0,
                0.0,
                0.0,
                1.0
            ]
        ],
        [
            [
                0.9641733765602112,
                0.18783777952194214,
                -0.18731455504894257,
                -0.04049571603536606
            ],
            [
                0.014288445003330708,
                0.6683211922645569,
                0.7437354922294617,
                0.09687362611293793
            ],
            [
                0.2648879587650299,
                -0.71976637840271,
                0.6416935324668884,
                0.46513688564300537
            ],
            [
                0.0,
                0.0,
                0.0,
                1.0
            ]
        ],
        [
            [
                0.3277636766433716,
                0.9405121207237244,
                -0.08948757499456406,
                -0.01675618439912796
            ],
            [
                -0.4738566279411316,
                0.24559925496578217,
                0.8456600904464722,
                0.1138334572315216
            ],
            [
                0.8173316121101379,
                -0.23477236926555634,
                0.5261663794517517,
                0.4471929967403412
            ],
            [
                0.0,
                0.0,
                0.0,
                1.0
            ]
        ],
        [
            [
                0.6845647692680359,
                0.7202332615852356,
                -0.11240652203559875,
                -0.019750064238905907
            ],
            [
                -0.5239799618721008,
                0.593390703201294,
                0.6110094785690308,
                0.12659181654453278
            ],
            [
                0.5067703127861023,
                -0.35937678813934326,
                0.7836021184921265,
                0.459518164396286
            ],
            [
                0.0,
                0.0,
                0.0,
                1.0
            ]
        ],
        [
            [
                0.9278280138969421,
                0.016025641933083534,
                -0.3726640045642853,
                -0.038411371409893036
            ],
            [
                0.3067432940006256,
                0.5356765389442444,
                0.7867397665977478,
                0.08910652250051498
            ],
            [
                0.21223534643650055,
                -0.8442713618278503,
                0.4920998811721802,
                0.46472638845443726
            ],
            [
                0.0,
                0.0,
                0.0,
                1.0
            ]
        ],
        [
            [
                -0.5736867189407349,
                0.5920154452323914,
                0.5660399794578552,
                0.012462668120861053
            ],
            [
                -0.45279714465141296,
                -0.8050994873046875,
                0.3831312656402588,
                0.11713875085115433
            ],
            [
                0.6825381517410278,
                -0.036503974348306656,
                0.7299377918243408,
                0.45234498381614685
            ],
            [
                0.0,
                0.0,
                0.0,
                1.0
            ]
        ],
        [
            [
                0.9356198906898499,
                0.1550828069448471,
                -0.31711941957473755,
                -0.03819109499454498
            ],
            [
                0.1586902141571045,
                0.6176720857620239,
                0.7702587842941284,
                0.09317806363105774
            ],
            [
                0.31532973051071167,
                -0.770993173122406,
                0.5532961487770081,
                0.46206134557724
            ],
            [
                0.0,
                0.0,
                0.0,
                1.0
            ]
        ],
        [
            [
                0.4203020930290222,
                0.8924617171287537,
                -0.16388554871082306,
                -0.017949175089597702
            ],
            [
                -0.5668467879295349,
                0.399280309677124,
                0.7205970287322998,
                0.12164480984210968
            ],
            [
                0.7085414528846741,
                -0.20997042953968048,
                0.6737073063850403,
                0.4524189531803131
            ],
            [
                0.0,
                0.0,
                0.0,
                1.0
            ]
        ],
        [
            [
                -0.9251382350921631,
                -0.028252121061086655,
                0.37857767939567566,
                0.013141781091690063
            ],
            [
                0.18172432482242584,
                -0.908507764339447,
                0.3762844204902649,
                0.09299518167972565
            ],
            [
                0.3333098590373993,
                0.41691190004348755,
                0.8456293940544128,
                0.4586482048034668
            ],
            [
                0.0,
                0.0,
                0.0,
                1.0
            ]
        ],
        [
            [
                -0.5811740756034851,
                -0.8126362562179565,
                0.04311535879969597,
                -0.005776331294327974
            ],
            [
                0.7950671911239624,
                -0.5557166934013367,
                0.24299608170986176,
                0.07456061244010925
            ],
            [
                -0.17350754141807556,
                0.17550262808799744,
                0.9690685868263245,
                0.47649481892585754
            ],
            [
                0.0,
                0.0,
                0.0,
                1.0
            ]
        ],
        [
            [
                0.758513867855072,
                0.6394367218017578,
                -0.12560869753360748,
                -0.026684023439884186
            ],
            [
                -0.43597280979156494,
                0.6412082314491272,
                0.6314901113510132,
                0.11830552667379379
            ],
            [
                0.48433932662010193,
                -0.42423203587532043,
                0.7651422023773193,
                0.4568506181240082
            ],
            [
                0.0,
                0.0,
                0.0,
                1.0
            ]
        ],
        [
            [
                -0.559578537940979,
                0.4280250370502472,
                0.709694504737854,
                0.005920939147472382
            ],
            [
                -0.37167036533355713,
                -0.8949806690216064,
                0.24671944975852966,
                0.10706087946891785
            ],
            [
                0.7407650947570801,
                -0.1257134974002838,
                0.6598962545394897,
                0.4477216601371765
            ],
            [
                0.0,
                0.0,
                0.0,
                1.0
            ]
        ],
        [
            [
                -0.9748980402946472,
                -0.15103115141391754,
                0.1635948121547699,
                0.015990570187568665
            ],
            [
                0.1842772364616394,
                -0.9597060680389404,
                0.21214619278907776,
                0.09438762813806534
            ],
            [
                0.124962218105793,
                0.23696769773960114,
                0.9634473323822021,
                0.4680594801902771
            ],
            [
                0.0,
                0.0,
                0.0,
                1.0
            ]
        ],
        [
            [
                0.9023120999336243,
                0.36324620246887207,
                -0.23213154077529907,
                -0.03804339841008186
            ],
            [
                -0.09406102448701859,
                0.691408634185791,
                0.7163144946098328,
                0.09941132366657257
            ],
            [
                0.42069634795188904,
                -0.6245046854019165,
                0.6580336689949036,
                0.4602743983268738
            ],
            [
                0.0,
                0.0,
                0.0,
                1.0
            ]
        ],
        [
            [
                -0.6943053603172302,
                0.31367433071136475,
                0.6477256417274475,
                0.011481888592243195
            ],
            [
                -0.32070401310920715,
                -0.9405674338340759,
                0.1117221936583519,
                0.10881873220205307
            ],
            [
                0.6442739367485046,
                -0.13015888631343842,
                0.7536376714706421,
                0.4529854357242584
            ],
            [
                0.0,
                0.0,
                0.0,
                1.0
            ]
        ],
        [
            [
                -0.9622960686683655,
                -0.1916809231042862,
                0.19298885762691498,
                0.013287600129842758
            ],
            [
                0.24408209323883057,
                -0.9216403365135193,
                0.3016669750213623,
                0.09044993668794632
            ],
            [
                0.12004253268241882,
                0.33739808201789856,
                0.9336767792701721,
                0.4637373089790344
            ],
            [
                0.0,
                0.0,
                0.0,
                1.0
            ]
        ],
        [
            [
                -0.8265900611877441,
                -0.5480169653892517,
                0.12816476821899414,
                0.003645867109298706
            ],
            [
                0.5578852891921997,
                -0.7677941918373108,
                0.31504929065704346,
                0.0791604071855545
            ],
            [
                -0.07424818724393845,
                0.3319178521633148,
                0.9403817057609558,
                0.47260844707489014
            ],
            [
                0.0,
                0.0,
                0.0,
                1.0
            ]
        ],
        [
            [
                0.9338275790214539,
                0.3543437719345093,
                -0.04905761778354645,
                -0.03547406196594238
            ],
            [
                -0.2642318308353424,
                0.7756967544555664,
                0.5731284618377686,
                0.11463795602321625
            ],
            [
                0.24113829433918,
                -0.5222405791282654,
                0.8179958462715149,
                0.466509610414505
            ],
            [
                0.0,
                0.0,
                0.0,
                1.0
            ]
        ],
        [
            [
                -0.8011770844459534,
                0.21838261187076569,
                0.5571573376655579,
                0.012001898139715195
            ],
            [
                -0.10149291157722473,
                -0.9671341776847839,
                0.2331324964761734,
                0.09900693595409393
            ],
            [
                0.5897579193115234,
                0.13023288547992706,
                0.797010064125061,
                0.45377177000045776
            ],
            [
                0.0,
                0.0,
                0.0,
                1.0
            ]
        ],
        [
            [
                0.8626969456672668,
                0.5006346106529236,
                -0.07154669612646103,
                -0.028048381209373474
            ],
            [
                -0.3550700545310974,
                0.7003528475761414,
                0.6192181706428528,
                0.12187222391366959
            ],
            [
                0.36010998487472534,
                -0.5087935328483582,
                0.7819526791572571,
                0.4627473056316376
            ],
            [
                0.0,
                0.0,
                0.0,
                1.0
            ]
        ],
        [
            [
                0.13045722246170044,
                0.9913383722305298,
                -0.01513730175793171,
                -0.007950812578201294
            ],
            [
                -0.5885307192802429,
                0.08971773087978363,
                0.80348140001297,
                0.12322673201560974
            ],
            [
                0.7978799343109131,
                -0.0959111899137497,
                0.5951374769210815,
                0.45091044902801514
            ],
            [
                0.0,
                0.0,
                0.0,
                1.0
            ]
        ],
        [
            [
                -0.6043508648872375,
                0.7090975642204285,
                0.36323636770248413,
                0.013055870309472084
            ],
            [
                -0.47543805837631226,
                -0.6868218183517456,
                0.5497584939002991,
                0.12251352518796921
            ],
            [
                0.6393111348152161,
                0.15955062210559845,
                0.7522133588790894,
                0.45564988255500793
            ],
            [
                0.0,
                0.0,
                0.0,
                1.0
            ]
        ],
        [
            [
                -0.47681236267089844,
                0.8699020743370056,
                0.12617599964141846,
                -0.0035766689106822014
            ],
            [
                -0.7869507074356079,
                -0.48640820384025574,
                0.37962567806243896,
                0.13079236447811127
            ],
            [
                0.3916102349758148,
                0.08171592652797699,
                0.9164955019950867,
                0.4636384844779968
            ],
            [
                0.0,
                0.0,
                0.0,
                1.0
            ]
        ],
        [
            [
                -0.5371047258377075,
                0.46515342593193054,
                0.7036694884300232,
                0.007424110546708107
            ],
            [
                -0.4128985106945038,
                -0.8724169135093689,
                0.26154038310050964,
                0.11234163492918015
            ],
            [
                0.7355495691299438,
                -0.15006950497627258,
                0.6606405377388,
                0.44910916686058044
            ],
            [
                0.0,
                0.0,
                0.0,
                1.0
            ]
        ],
        [
            [
                0.8963809609413147,
                0.1975308209657669,
                -0.3968409597873688,
                -0.02640562877058983
            ],
            [
                0.17664338648319244,
                0.6619105935096741,
                0.7284720540046692,
                0.09066794067621231
            ],
            [
                0.40656888484954834,
                -0.7230878472328186,
                0.5584315657615662,
                0.4520843029022217
            ],
            [
                0.0,
                0.0,
                0.0,
                1.0
            ]
        ],
        [
            [
                -0.896210253238678,
                0.20451675355434418,
                0.39367496967315674,
                0.01565995067358017
            ],
            [
                -0.11133301258087158,
                -0.9626835584640503,
                0.24666827917099,
                0.10455883294343948
            ],
            [
                0.4294322431087494,
                0.1772376149892807,
                0.8855364322662354,
                0.45838189125061035
            ],
            [
                0.0,
                0.0,
                0.0,
                1.0
            ]
        ],
        [
            [
                0.7839318513870239,
                0.5360291004180908,
                -0.31324687600135803,
                -0.028368981555104256
            ],
            [
                -0.022725537419319153,
                0.5289844870567322,
                0.8483272194862366,
                0.09803854674100876
            ],
            [
                0.6204307079315186,
                -0.657912015914917,
                0.42686936259269714,
                0.45161429047584534
            ],
            [
                0.0,
                0.0,
                0.0,
                1.0
            ]
        ]
    ],
    "width": 0.1235,
    "depth": 0.02,
    "score": 0.6830589771270752
}