{
    "transform": [
        [
            [
                0.945512056350708,
                0.1777336448431015,
                -0.27279603481292725,
                0.06880590319633484
            ],
            [
                -0.039403125643730164,
                0.8941651582717896,
                0.44600018858909607,
                0.04426656290888786
            ],
            [
                0.3231939375400543,
                -0.41094955801963806,
                0.8524472117424011,
                0.4839881956577301
            ],
            [
                0.0,
                0.0,
                0.0,
                1.0
            ]
        ],
        [
            [
                -0.7183154821395874,
                0.6762922406196594,
                0.16325344145298004,
                -0.03070545196533203
            ],
            [
                -0.3188709020614624,
                -0.5285923480987549,
                0.7867092490196228,
                0.03014451265335083
            ],
            [
                0.6183398962020874,
                0.5130486488342285,
                0.5953459739685059,
                0.506584107875824
            ],
            [
                0.0,
                0.0,
                0.0,
                1.0
            ]
        ],
        [
            [
                -0.6148291230201721,
                0.7880234718322754,
                -0.03168901428580284,
                0.0254941638559103
            ],
            [
                -0.709625244140625,
                -0.5352354645729065,
                0.45820850133895874,
                0.09763886034488678
            ],
            [
                0.3441179394721985,
                0.3042072355747223,
                0.8882797360420227,
                0.4364793598651886
            ],
            [
                0.0,
                0.0,
                0.0,
                1.0
            ]
        ],
        [
            [
                0.7839556932449341,
                0.5651082396507263,
                -0.25703319907188416,
                0.05668114498257637
            ],
            [
                -0.21972665190696716,
                0.6397934556007385,
                0.7364675402641296,
                0.043769702315330505
            ],
            [
                0.5806320905685425,
                -0.5208808779716492,
                0.6257390975952148,
                0.5092324018478394
            ],
            [
                0.0,
                0.0,
                0.0,
                1.0
            ]
        ],
        [
            [
                -0.9759530425071716,
                0.20738057792186737,
                0.06714751571416855,
                -0.042962707579135895
            ],
            [
                -0.13998235762119293,
                -0.8323916792869568,
                0.5362172722816467,
                0.05981622263789177
            ],
            [
                0.16709406673908234,
                0.5139234066009521,
                0.8414049744606018,
                0.4934729337692261
            ],
            [
                0.0,
                0.0,
                0.0,
                1.0
            ]
        ],
        [
            [
                0.9978953003883362,
                0.04371446371078491,
                0.04789632931351662,
                -0.044808048754930496
            ],
            [
                -0.060786932706832886,
                0.8878180384635925,
                0.4561624526977539,
                0.06799681484699249
            ],
            [
                -0.022582324221730232,
                -0.4581138491630554,
                0.8886066675186157,
                0.4783391058444977
            ],
            [
                0.0,
                0.0,
                0.0,
                1.0
            ]
        ],
        [
            [
                0.9110783934593201,
                0.4011183977127075,
                0.09507984668016434,
                -0.04266698285937309
            ],
            [
                -0.3921685814857483,
                0.7722835540771484,
                0.49978187680244446,
                0.07618432492017746
            ],
            [
                0.12704309821128845,
                -0.4926277995109558,
                0.8609169125556946,
                0.4609050154685974
            ],
            [
                0.0,
                0.0,
                0.0,
                1.0
            ]
        ],
        [
            [
                -0.47321516275405884,
                0.8630875945091248,
                0.17648568749427795,
                -0.016100633889436722
            ],
            [
                -0.3533165752887726,
                -0.3694603443145752,
                0.8594570159912109,
                0.03679820895195007
            ],
            [
                0.8069912195205688,
                0.3443527817726135,
                0.47977739572525024,
                0.5217756032943726
            ],
            [
                0.0,
                0.0,
                0.0,
                1.0
            ]
        ],
        [
            [
                0.14621813595294952,
                0.9891860485076904,
                -0.011454029940068722,
                0.01903463900089264
            ],
            [
                -0.4777131676673889,
                0.08074343949556351,
                0.8747974634170532,
                0.02480052411556244
            ],
            [
                0.8662623167037964,
                -0.12243951112031937,
                0.48435333371162415,
                0.5233948826789856
            ],
            [
                0.0,
                0.0,
                0.0,
                1.0
            ]
        ],
        [
            [
                0.4054765999317169,
                0.9038269519805908,
                -0.136694997549057,
                0.03347679600119591
            ],
            [
                -0.4699721932411194,
                0.3343866765499115,
                0.8168914914131165,
                0.018155306577682495
            ],
            [
                0.7840375304222107,
                -0.26698753237724304,
                0.5603594779968262,
                0.5148617625236511
            ],
            [
                0.0,
                0.0,
                0.0,
                1.0
            ]
        ],
        [
            [
                -0.8198047876358032,
                0.55000901222229,
                0.1594056934118271,
                -0.03828315809369087
            ],
            [
                -0.242772176861763,
                -0.5859332084655762,
                0.7731389999389648,
                0.03226439654827118
            ],
            [
                0.518634557723999,
                0.5951237678527832,
                0.6138777136802673,
                0.4962591528892517
            ],
            [
                0.0,
                0.0,
                0.0,
                1.0
            ]
        ],
        [
            [
                -0.8842092156410217,
                0.4217093884944916,
                0.2008366882801056,
                -0.04161654785275459
            ],
            [
                -0.2098347395658493,
                -0.7427698373794556,
                0.6358162760734558,
                0.034046899527311325
            ],
            [
                0.4173051416873932,
                0.5200520753860474,
                0.7452530860900879,
                0.4904266893863678
            ],
            [
                0.0,
                0.0,
                0.0,
                1.0
            ]
        ],
        [
            [
                0.4745869040489197,
                0.8647906184196472,
                -0.16402605175971985,
                0.039032869040966034
            ],
            [
                -0.4534456431865692,
                0.3999232351779938,
                0.7965227365493774,
                0.020363181829452515
            ],
            [
                0.7544232606887817,
                -0.3036423623561859,
                0.5819337964057922,
                0.5133105516433716
            ],
            [
                0.0,
                0.0,
                0.0,
                1.0
            ]
        ],
        [
            [
                -0.10428012907505035,
                0.9942654371261597,
                0.023704303428530693,
                0.0022942740470170975
            ],
            [
                -0.5548506379127502,
                -0.07794090360403061,
                0.8282909989356995,
                0.020073123276233673
            ],
            [
                0.8253887295722961,
                0.07322194427251816,
                0.5597963929176331,
                0.5204559564590454
            ],
            [
                0.0,
                0.0,
                0.0,
                1.0
            ]
        ],
        [
            [
                0.8936301469802856,
                0.33742523193359375,
                -0.29592129588127136,
                0.06206674501299858
            ],
            [
                -0.07280056923627853,
                0.7596051096916199,
                0.64629727602005,
                0.05097890645265579
            ],
            [
                0.44286033511161804,
                -0.556007444858551,
                0.7033707499504089,
                0.5028514862060547
            ],
            [
                0.0,
                0.0,
                0.0,
                1.0
            ]
        ],
        [
            [
                -0.6060097217559814,
                0.7792196273803711,
                0.15990275144577026,
                -0.02228013053536415
            ],
            [
                -0.293487012386322,
                -0.40586304664611816,
                0.8655290007591248,
                0.03884398192167282
            ],
            [
                0.7393358945846558,
                0.47758957743644714,
                0.4746478199958801,
                0.5183843970298767
            ],
            [
                0.0,
                0.0,
                0.0,
                1.0
            ]
        ],
        [
            [
                0.7203732132911682,
                0.6476893424987793,
                -0.24811510741710663,
                0.05608217790722847
            ],
            [
                -0.3136238157749176,
                0.6232481598854065,
                0.7163811326026917,
                0.029981888830661774
            ],
            [
                0.6186296939849854,
                -0.4382469654083252,
                0.652101993560791,
                0.5038511753082275
            ],
            [
                0.0,
                0.0,
                0.0,
                1.0
            ]
        ],
        [
            [
                0.9602752923965454,
                0.1475742906332016,
                -0.23684026300907135,
                0.0679285079240799
            ],
            [
                -0.011081053875386715,
                0.8682198524475098,
                0.49605607986450195,
                0.05552396550774574
            ],
            [
                0.2788345217704773,
                -0.47372594475746155,
                0.8353652358055115,
                0.4891930818557739
            ],
            [
                0.0,
                0.0,
                0.0,
                1.0
            ]
        ],
        [
            [
                0.8510807752609253,
                0.519778847694397,
                0.07410413771867752,
                -0.040126677602529526
            ],
            [
                -0.4956416189670563,
                0.7488295435905457,
                0.43999284505844116,
                0.07773859798908234
            ],
            [
                0.1732075959444046,
                -0.41119855642318726,
                0.8949384689331055,
                0.45513689517974854
            ],
            [
                0.0,
                0.0,
                0.0,
                1.0
            ]
        ],
        [
            [
                0.9270537495613098,
                0.22884029150009155,
                -0.2969905734062195,
                0.06640470772981644
            ],
            [
                -0.04188184067606926,
                0.8503756523132324,
                0.5245065093040466,
                0.050615519285202026
            ],
            [
                0.37258180975914,
                -0.4738072156906128,
                0.7979282140731812,
                0.4938986003398895
            ],
            [
                0.0,
                0.0,
                0.0,
                1.0
            ]
        ],
        [
            [
                -0.5079798698425293,
                0.8479347229003906,
                0.1515354961156845,
                -0.016958076506853104
            ],
            [
                -0.4740463197231293,
                -0.4220879077911377,
                0.7727365493774414,
                0.02091311663389206
            ],
            [
                0.7191914916038513,
                0.3206997811794281,
                0.6163725852966309,
                0.5129252672195435
            ],
            [
                0.0,
                0.0,
                0.0,
                1.0
            ]
        ],
        [
            [
                0.9145756363868713,
                0.30219605565071106,
                -0.26875418424606323,
                0.06646212190389633
            ],
            [
                -0.06173950433731079,
                0.7610931396484375,
                0.6456975340843201,
                0.04052211344242096
            ],
            [
                0.39967426657676697,
                -0.573946475982666,
                0.7147347927093506,
                0.4903067350387573
            ],
            [
                0.0,
                0.0,
                0.0,
                1.0
            ]
        ],
        [
            [
                -0.994500994682312,
                0.10246432572603226,
                0.021651960909366608,
                -0.043565813452005386
            ],
            [
                -0.06991765648126602,
                -0.8035258054733276,
                0.5911495089530945,
                0.06614966690540314
            ],
            [
                0.07796965539455414,
                0.5863849520683289,
                0.8062713146209717,
                0.48804470896720886
            ],
            [
                0.0,
                0.0,
                0.0,
                1.0
            ]
        ],
        [
            [
                -0.72111576795578,
                0.6922923922538757,
                -0.02689300663769245,
                0.054159991443157196
            ],
            [
                -0.575549304485321,
                -0.5770009160041809,
                0.5794937014579773,
                0.08294042944908142
            ],
            [
                0.3856618106365204,
                0.4333603084087372,
                0.8145328760147095,
                0.44274574518203735
            ],
            [
                0.0,
                0.0,
                0.0,
                1.0
            ]
        ],
        [
            [
                0.9994005560874939,
                -0.0187296811491251,
                -0.029116878286004066,
                0.06914282590150833
            ],
            [
                0.02927197888493538,
                0.9062211513519287,
                0.42178964614868164,
                0.0634186640381813
            ],
            [
                0.018486345186829567,
                -0.42238911986351013,
                0.9062260985374451,
                0.4717308580875397
            ],
            [
                0.0,
                0.0,
                0.0,
                1.0
            ]
        ],
        [
            [
                -0.6597713828086853,
                0.7366170287132263,
                0.1486509144306183,
                -0.02643248438835144
            ],
            [
                -0.3498196303844452,
                -0.47613856196403503,
                0.806795060634613,
                0.02867952734231949
            ],
            [
                0.6650774478912354,
                0.48029929399490356,
                0.5718256235122681,
                0.5103156566619873
            ],
            [
                0.0,
                0.0,
                0.0,
                1.0
            ]
        ],
        [
            [
                -0.7551963925361633,
                0.6533369421958923,
                -0.05318954586982727,
                0.05461367219686508
            ],
            [
                -0.5763328075408936,
                -0.6231434345245361,
                0.5287084579467773,
                0.08836706727743149
            ],
            [
                0.3122800886631012,
                0.4299336075782776,
                0.8471352458000183,
                0.45051315426826477
            ],
            [
                0.0,
                0.0,
                0.0,
                1.0
            ]
        ],
        [
            [
                0.9721214771270752,
                0.07311593741178513,
                -0.2227865308523178,
                0.0701298788189888
            ],
            [
                0.005458718631416559,
                0.9428250789642334,
                0.33324313163757324,
                0.05325183644890785
            ],
            [
                0.23441411554813385,
                -0.3251689374446869,
                0.9161414504051208,
                0.47846508026123047
            ],
            [
                0.0,
                0.0,
                0.0,
                1.0
            ]
        ],
        [
            [
                0.7692005634307861,
                0.5872043371200562,
                -0.25203463435173035,
                0.05791458114981651
            ],
            [
                -0.29060351848602295,
                0.6727229952812195,
                0.6804361343383789,
                0.03730706870555878
            ],
            [
                0.5691045522689819,
                -0.45014968514442444,
                0.6881026029586792,
                0.505304753780365
            ],
            [
                0.0,
                0.0,
                0.0,
                1.0
            ]
        ],
        [
            [
                0.9772792458534241,
                0.11521708965301514,
                -0.1779050976037979,
                0.06914279609918594
            ],
            [
                -0.024806445464491844,
                0.8957564234733582,
                0.4438525438308716,
                0.05903211236000061
            ],
            [
                0.21049901843070984,
                -0.4293546974658966,
                0.8782623410224915,
                0.48261675238609314
            ],
            [
                0.0,
                0.0,
                0.0,
                1.0
            ]
        ]
    ],
    "width": 0.1235,
    "depth": 0.02,
    "score": 0.800048828125
}