{
    "transform": [
        [
            [
                -0.959301233291626,
                -0.031217899173498154,
                0.28065386414527893,
                0.07256490737199783
            ],
            [
                0.1863558441400528,
                -0.8167039752006531,
                0.5461375117301941,
                0.08851109445095062
            ],
            [
                0.2121618688106537,
                0.5762118697166443,
                0.7892827391624451,
                0.46698862314224243
            ],
            [
                0.0,
                0.0,
                0.0,
                1.0
            ]
        ],
        [
            [
                -0.9639222025871277,
                0.04903706908226013,
                0.2616281509399414,
                0.07144392281770706
            ],
            [
                0.091966412961483,
                -0.8610048890113831,
                0.5002124905586243,
                0.10937347263097763
            ],
            [
                0.24979203939437866,
                0.5062269568443298,
                0.8254320621490479,
                0.44709116220474243
            ],
            [
                0.0,
                0.0,
                0.0,
                1.0
            ]
        ],
        [
            [
                -0.9771334528923035,
                0.13546276092529297,
                0.1638903170824051,
                0.06437874585390091
            ],
            [
                0.024056099355220795,
                -0.6954085230827332,
                0.7182118892669678,
                0.12779948115348816
            ],
            [
                0.21126168966293335,
                0.7057313919067383,
                0.6762482523918152,
                0.4295387864112854
            ],
            [
                0.0,
                0.0,
                0.0,
                1.0
            ]
        ],
        [
            [
                0.9966424703598022,
                0.05055356025695801,
                -0.06440527737140656,
                0.035990577191114426
            ],
            [
                0.011956460773944855,
                0.6883231997489929,
                0.7253055572509766,
                0.08397061377763748
            ],
            [
                0.08099842816591263,
                -0.7236403822898865,
                0.6854077577590942,
                0.4733021855354309
            ],
            [
                0.0,
                0.0,
                0.0,
                1.0
            ]
        ],
        [
            [
                0.991780161857605,
                -0.12761306762695312,
                0.009334903210401535,
                0.03497479110956192
            ],
            [
                0.09953980147838593,
                0.815324604511261,
                0.5703837871551514,
                0.10191754996776581
            ],
            [
                -0.08039940148591995,
                -0.5647661685943604,
                0.8213252425193787,
                0.4533732235431671
            ],
            [
                0.0,
                0.0,
                0.0,
                1.0
            ]
        ],
        [
            [
                -0.9690704941749573,
                0.07368793338537216,
                0.23552609980106354,
                0.07007771730422974
            ],
            [
                0.06680981069803238,
                -0.8404067158699036,
                0.5378224849700928,
                0.11678590625524521
            ],
            [
                0.23756876587867737,
                0.536923348903656,
                0.8094902038574219,
                0.441586971282959
            ],
            [
                0.0,
                0.0,
                0.0,
                1.0
            ]
        ],
        [
            [
                0.9650052785873413,
                0.2610255181789398,
                0.02510938234627247,
                0.03001338243484497
            ],
            [
                -0.14730127155780792,
                0.46035757660865784,
                0.8754274845123291,
                0.07058081030845642
            ],
            [
                0.21694959700107574,
                -0.8484907746315002,
                0.48269689083099365,
                0.5043359994888306
            ],
            [
                0.0,
                0.0,
                0.0,
                1.0
            ]
        ],
        [
            [
                0.9993799328804016,
                0.006170758046209812,
                -0.034666769206523895,
                0.03566695749759674
            ],
            [
                0.01979946903884411,
                0.7156569957733154,
                0.6981712579727173,
                0.09148543328046799
            ],
            [
                0.029117755591869354,
                -0.698424756526947,
                0.7150909900665283,
                0.46904635429382324
            ],
            [
                0.0,
                0.0,
                0.0,
                1.0
            ]
        ],
        [
            [
                0.9782962203025818,
                -0.20635560154914856,
                -0.018814485520124435,
                0.0322282575070858
            ],
            [
                0.17555424571037292,
                0.7771751284599304,
                0.6043009757995605,
                0.11083591729402542
            ],
            [
                -0.11007872223854065,
                -0.5944883227348328,
                0.79653400182724,
                0.4430897533893585
            ],
            [
                0.0,
                0.0,
                0.0,
                1.0
            ]
        ],
        [
            [
                0.9954472780227661,
                -0.0945974737405777,
                -0.011659867130219936,
                0.035414405167102814
            ],
            [
                0.08321361243724823,
                0.802898645401001,
                0.5902788043022156,
                0.09864572435617447
            ],
            [
                -0.04647720232605934,
                -0.5885616540908813,
                0.8071151375770569,
                0.45907190442085266
            ],
            [
                0.0,
                0.0,
                0.0,
                1.0
            ]
        ],
        [
            [
                0.9912707805633545,
                0.10628975927829742,
                -0.07800385355949402,
                0.0342816561460495
            ],
            [
                -0.013755977153778076,
                0.6718026399612427,
                0.7406023144721985,
                0.07230649888515472
            ],
            [
                0.1311216652393341,
                -0.7330644130706787,
                0.6674005389213562,
                0.486049622297287
            ],
            [
                0.0,
                0.0,
                0.0,
                1.0
            ]
        ],
        [
            [
                0.9902128577232361,
                0.1389864832162857,
                -0.012698647566139698,
                0.03208328038454056
            ],
            [
                -0.070304736495018,
                0.575340986251831,
                0.8148865103721619,
                0.07394815981388092
            ],
            [
                0.12056426703929901,
                -0.8060183525085449,
                0.5794814229011536,
                0.4934299886226654
            ],
            [
                0.0,
                0.0,
                0.0,
                1.0
            ]
        ],
        [
            [
                -0.9634466767311096,
                0.03840438276529312,
                0.2651330232620239,
                0.07025780528783798
            ],
            [
                0.08452709764242172,
                -0.8955416679382324,
                0.43687552213668823,
                0.11171958595514297
            ],
            [
                0.2542155385017395,
                0.4433172047138214,
                0.8595605492591858,
                0.44272175431251526
            ],
            [
                0.0,
                0.0,
                0.0,
                1.0
            ]
        ],
        [
            [
                0.9740136861801147,
                0.19630354642868042,
                -0.11297094076871872,
                0.0321275033056736
            ],
            [
                -0.007776267360895872,
                0.5274815559387207,
                0.8495309352874756,
                0.06588280200958252
            ],
            [
                0.22635599970817566,
                -0.8265762329101562,
                0.5153006911277771,
                0.494110107421875
            ],
            [
                0.0,
                0.0,
                0.0,
                1.0
            ]
        ],
        [
            [
                0.9477093815803528,
                0.3147304356098175,
                0.052836138755083084,
                0.025818372145295143
            ],
            [
                -0.16679050028324127,
                0.34731951355934143,
                0.922794759273529,
                0.06425339728593826
            ],
            [
                0.27208054065704346,
                -0.8833537697792053,
                0.38165202736854553,
                0.5206131339073181
            ],
            [
                0.0,
                0.0,
                0.0,
                1.0
            ]
        ],
        [
            [
                0.9653315544128418,
                0.25236743688583374,
                -0.06667608767747879,
                0.02976388670504093
            ],
            [
                -0.06347810477018356,
                0.47473666071891785,
                0.8778358101844788,
                0.06393159925937653
            ],
            [
                0.2531907260417938,
                -0.843170166015625,
                0.47429805994033813,
                0.5001435279846191
            ],
            [
                0.0,
                0.0,
                0.0,
                1.0
            ]
        ],
        [
            [
                0.9959447383880615,
                0.07759972661733627,
                -0.045523155480623245,
                0.03333684802055359
            ],
            [
                -0.01293514296412468,
                0.6242499351501465,
                0.7811176180839539,
                0.07688304781913757
            ],
            [
                0.08903233706951141,
                -0.7773611545562744,
                0.6227222084999084,
                0.48790091276168823
            ],
            [
                0.0,
                0.0,
                0.0,
                1.0
            ]
        ],
        [
            [
                0.9979864954948425,
                0.052471209317445755,
                -0.03563295677304268,
                0.03415970876812935
            ],
            [
                -0.004480390343815088,
                0.6187148690223694,
                0.7856028079986572,
                0.08112215995788574
            ],
            [
                0.06326816976070404,
                -0.7838613986968994,
                0.6177042126655579,
                0.48432064056396484
            ],
            [
                0.0,
                0.0,
                0.0,
                1.0
            ]
        ],
        [
            [
                0.9558207392692566,
                -0.2890278100967407,
                0.05357027053833008,
                0.02760639227926731
            ],
            [
                0.24208751320838928,
                0.8773704767227173,
                0.4142640233039856,
                0.12088631093502045
            ],
            [
                -0.16673479974269867,
                -0.3829934597015381,
                0.9085788130760193,
                0.43189725279808044
            ],
            [
                0.0,
                0.0,
                0.0,
                1.0
            ]
        ],
        [
            [
                0.9506339430809021,
                0.304601788520813,
                -0.05927080661058426,
                0.02736189216375351
            ],
            [
                -0.08608382195234299,
                0.4423641860485077,
                0.8926945328712463,
                0.05918581783771515
            ],
            [
                0.2981356382369995,
                -0.8435234427452087,
                0.4467476010322571,
                0.5066975951194763
            ],
            [
                0.0,
                0.0,
                0.0,
                1.0
            ]
        ],
        [
            [
                0.9546763300895691,
                0.2958567142486572,
                0.032589029520750046,
                0.026538781821727753
            ],
            [
                -0.15371209383010864,
                0.3962961733341217,
                0.9051640629768372,
                0.06323578208684921
            ],
            [
                0.25488394498825073,
                -0.8691480755805969,
                0.42381128668785095,
                0.5123679041862488
            ],
            [
                0.0,
                0.0,
                0.0,
                1.0
            ]
        ],
        [
            [
                0.9993541836738586,
                0.024525508284568787,
                -0.026260169222950935,
                0.035545650869607925
            ],
            [
                0.003260407829657197,
                0.6659237146377563,
                0.7460126280784607,
                0.08990166336297989
            ],
            [
                0.035783614963293076,
                -0.7456164360046387,
                0.6654137372970581,
                0.47432535886764526
            ],
            [
                0.0,
                0.0,
                0.0,
                1.0
            ]
        ],
        [
            [
                0.946308970451355,
                -0.31748151779174805,
                0.0608673170208931,
                0.024113355204463005
            ],
            [
                0.2606029212474823,
                0.8606435656547546,
                0.43746864795684814,
                0.12764768302440643
            ],
            [
                -0.1912732720375061,
                -0.3981183171272278,
                0.8971713185310364,
                0.42902860045433044
            ],
            [
                0.0,
                0.0,
                0.0,
                1.0
            ]
        ],
        [
            [
                0.9746940732002258,
                0.22067347168922424,
                0.035703159868717194,
                0.031374577432870865
            ],
            [
                -0.13457056879997253,
                0.45169055461883545,
                0.8819673657417297,
                0.07375127822160721
            ],
            [
                0.17850002646446228,
                -0.8644529581069946,
                0.46995624899864197,
                0.49946126341819763
            ],
            [
                0.0,
                0.0,
                0.0,
                1.0
            ]
        ],
        [
            [
                -0.9656984210014343,
                0.01469875406473875,
                0.2592499554157257,
                0.0725015178322792
            ],
            [
                0.1628766804933548,
                -0.7432774305343628,
                0.6488526463508606,
                0.09817048907279968
            ],
            [
                0.20223195850849152,
                0.6688217520713806,
                0.715387761592865,
                0.4568602740764618
            ],
            [
                0.0,
                0.0,
                0.0,
                1.0
            ]
        ],
        [
            [
                -0.9669981598854065,
                0.03516850247979164,
                0.2523445785045624,
                0.07223185151815414
            ],
            [
                0.12576626241207123,
                -0.7954655885696411,
                0.5928046703338623,
                0.10410431772470474
            ],
            [
                0.22157952189445496,
                0.6049774885177612,
                0.7647907137870789,
                0.4520219564437866
            ],
            [
                0.0,
                0.0,
                0.0,
                1.0
            ]
        ],
        [
            [
                0.9980133771896362,
                0.055967848747968674,
                -0.028928108513355255,
                0.034976016730070114
            ],
            [
                -0.01253068819642067,
                0.6263259053230286,
                0.7794605493545532,
                0.08584266155958176
            ],
            [
                0.06174315884709358,
                -0.7775495648384094,
                0.6257829666137695,
                0.48086726665496826
            ],
            [
                0.0,
                0.0,
                0.0,
                1.0
            ]
        ],
        [
            [
                0.9979126453399658,
                -0.034340888261795044,
                -0.05469175800681114,
                0.03580101951956749
            ],
            [
                0.06150389462709427,
                0.7636168003082275,
                0.6427338123321533,
                0.09307445585727692
            ],
            [
                0.01969148777425289,
                -0.6447558999061584,
                0.7641348838806152,
                0.46408355236053467
            ],
            [
                0.0,
                0.0,
                0.0,
                1.0
            ]
        ],
        [
            [
                0.9382482171058655,
                0.3459218740463257,
                0.0053194789215922356,
                0.02341408282518387
            ],
            [
                -0.1315542310476303,
                0.34251096844673157,
                0.9302578568458557,
                0.05710249021649361
            ],
            [
                0.3199745714664459,
                -0.8735125660896301,
                0.3668678104877472,
                0.5181936621665955
            ],
            [
                0.0,
                0.0,
                0.0,
                1.0
            ]
        ],
        [
            [
                0.9896766543388367,
                0.0544133298099041,
                -0.1325870007276535,
                0.03582531586289406
            ],
            [
                0.06434465199708939,
                0.6579464673995972,
                0.7503107786178589,
                0.078492671251297
            ],
            [
                0.12806205451488495,
                -0.7510963082313538,
                0.6476530432701111,
                0.47805723547935486
            ],
            [
                0.0,
                0.0,
                0.0,
                1.0
            ]
        ]
    ],
    "width": 0.1235,
    "depth": 0.02,
    "score": 0.7194877862930298
}