{
    "transform": [
        [
            [
                -0.9765506386756897,
                -0.009564917534589767,
                0.21507500112056732,
                0.01910826936364174
            ],
            [
                -0.133579283952713,
                -0.7565362453460693,
                -0.6401636004447937,
                0.09000208228826523
            ],
            [
                0.1688351184129715,
                -0.6538817286491394,
                0.7375183701515198,
                0.45628538727760315
            ],
            [
                0.0,
                0.0,
                0.0,
                1.0
            ]
        ],
        [
            [
                -0.9393852353096008,
                -0.023479431867599487,
                0.3420587182044983,
                0.017549458891153336
            ],
            [
                -0.20983681082725525,
                -0.7496212124824524,
                -0.6277233362197876,
                0.05726160109043121
            ],
            [
                0.2711530923843384,
                -0.6614505648612976,
                0.699256181716919,
                0.4190625548362732
            ],
            [
                0.0,
                0.0,
                0.0,
                1.0
            ]
        ],
        [
            [
                -0.7666812539100647,
                0.023176955059170723,
                0.6416094303131104,
                0.010645142756402493
            ],
            [
                -0.5492377877235413,
                -0.5411860942840576,
                -0.6367537975311279,
                0.054108038544654846
            ],
            [
                0.3324721157550812,
                -0.840583324432373,
                0.4276469051837921,
                0.40247511863708496
            ],
            [
                0.0,
                0.0,
                0.0,
                1.0
            ]
        ],
        [
            [
                0.9956023693084717,
                0.09058166295289993,
                -0.02389061637222767,
                -0.046172384172677994
            ],
            [
                -0.07653898000717163,
                0.9335881471633911,
                0.3500782251358032,
                -0.004859820008277893
            ],
            [
                0.0540146604180336,
                -0.3467101454734802,
                0.9364157319068909,
                0.36751601099967957
            ],
            [
                0.0,
                0.0,
                0.0,
                1.0
            ]
        ],
        [
            [
                0.9759730100631714,
                0.0032287612557411194,
                -0.21786761283874512,
                -0.045522138476371765
            ],
            [
                -0.11961064487695694,
                0.8437051773071289,
                -0.5233114957809448,
                0.0375635027885437
            ],
            [
                0.18212640285491943,
                0.5367971658706665,
                0.823819637298584,
                0.40103679895401
            ],
            [
                0.0,
                0.0,
                0.0,
                1.0
            ]
        ],
        [
            [
                0.993948221206665,
                -0.033440712839365005,
                -0.10463587194681168,
                -0.04818100854754448
            ],
            [
                -0.02164679951965809,
                0.8742335438728333,
                -0.4850228428840637,
                0.04404732957482338
            ],
            [
                0.10769569873809814,
                0.48435261845588684,
                0.8682189583778381,
                0.41637569665908813
            ],
            [
                0.0,
                0.0,
                0.0,
                1.0
            ]
        ],
        [
            [
                -0.9253445863723755,
                0.02365165762603283,
                0.3783886730670929,
                0.01797381043434143
            ],
            [
                -0.26326286792755127,
                -0.7582805156707764,
                -0.5964086055755615,
                0.043133340775966644
            ],
            [
                0.2728187143802643,
                -0.6514991521835327,
                0.7078973650932312,
                0.4077358543872833
            ],
            [
                0.0,
                0.0,
                0.0,
                1.0
            ]
        ],
        [
            [
                0.9677727818489075,
                0.22928358614444733,
                -0.10413914173841476,
                -0.04501129686832428
            ],
            [
                -0.14761053025722504,
                0.8515395522117615,
                0.5030822157859802,
                -0.007965900003910065
            ],
            [
                0.20402708649635315,
                -0.47149723768234253,
                0.8579413890838623,
                0.3614446818828583
            ],
            [
                0.0,
                0.0,
                0.0,
                1.0
            ]
        ],
        [
            [
                -0.9702691435813904,
                -0.06976674497127533,
                0.23175516724586487,
                0.01933986321091652
            ],
            [
                -0.08038908243179321,
                -0.810292661190033,
                -0.5804855227470398,
                0.05848614126443863
            ],
            [
                0.22828809916973114,
                -0.5818577408790588,
                0.7805934548377991,
                0.42802420258522034
            ],
            [
                0.0,
                0.0,
                0.0,
                1.0
            ]
        ],
        [
            [
                0.9724787473678589,
                0.0038273795507848263,
                -0.23296000063419342,
                -0.04615970328450203
            ],
            [
                -0.1145782545208931,
                0.8784634470939636,
                -0.463868111371994,
                0.05630987882614136
            ],
            [
                0.2028714418411255,
                0.47779402136802673,
                0.8547256588935852,
                0.41885316371917725
            ],
            [
                0.0,
                0.0,
                0.0,
                1.0
            ]
        ],
        [
            [
                -0.9585441946983337,
                0.003262658603489399,
                0.284925252199173,
                0.018048278987407684
            ],
            [
                -0.16296283900737762,
                -0.8265382647514343,
                -0.5387742519378662,
                0.03345239907503128
            ],
            [
                0.23374375700950623,
                -0.5628712177276611,
                0.7928051352500916,
                0.3994392454624176
            ],
            [
                0.0,
                0.0,
                0.0,
                1.0
            ]
        ],
        [
            [
                -0.9826124310493469,
                -0.012108701281249523,
                0.18527331948280334,
                0.019992221146821976
            ],
            [
                -0.08384443074464798,
                -0.8613919615745544,
                -0.5009729266166687,
                0.02709817886352539
            ],
            [
                0.1656590849161148,
                -0.5077963471412659,
                0.8453992009162903,
                0.40313202142715454
            ],
            [
                0.0,
                0.0,
                0.0,
                1.0
            ]
        ],
        [
            [
                -0.8067370653152466,
                0.06046677753329277,
                0.5878086090087891,
                0.013236514292657375
            ],
            [
                -0.4809575080871582,
                -0.6451098322868347,
                -0.5937281847000122,
                0.0629819929599762
            ],
            [
                0.34330031275749207,
                -0.7616934776306152,
                0.5495160222053528,
                0.4141659438610077
            ],
            [
                0.0,
                0.0,
                0.0,
                1.0
            ]
        ],
        [
            [
                -0.96573805809021,
                0.004277735482901335,
                0.25948366522789,
                0.01932390406727791
            ],
            [
                -0.15297463536262512,
                -0.8170750141143799,
                -0.5558661222457886,
                0.036846987903118134
            ],
            [
                0.2096397876739502,
                -0.5765154957771301,
                0.7897347807884216,
                0.407779335975647
            ],
            [
                0.0,
                0.0,
                0.0,
                1.0
            ]
        ],
        [
            [
                -0.6938255429267883,
                0.01782037690281868,
                0.719922661781311,
                0.006457583047449589
            ],
            [
                -0.601456880569458,
                -0.5641315579414368,
                -0.5656900405883789,
                0.04606003314256668
            ],
            [
                0.39605027437210083,
                -0.8254926204681396,
                0.4021270275115967,
                0.3906407356262207
            ],
            [
                0.0,
                0.0,
                0.0,
                1.0
            ]
        ],
        [
            [
                0.9779687523841858,
                0.0056356522254645824,
                -0.20867516100406647,
                -0.04524662718176842
            ],
            [
                -0.10869117081165314,
                0.8671917915344238,
                -0.4859677851200104,
                0.049314480274915695
            ],
            [
                0.17822259664535522,
                0.4979424476623535,
                0.8486990332603455,
                0.41056790947914124
            ],
            [
                0.0,
                0.0,
                0.0,
                1.0
            ]
        ],
        [
            [
                -0.8377906680107117,
                0.028909197077155113,
                0.5452257394790649,
                0.01558509562164545
            ],
            [
                -0.42376387119293213,
                -0.6641097068786621,
                -0.6159403920173645,
                0.04630591720342636
            ],
            [
                0.3442833423614502,
                -0.7470760941505432,
                0.5686355829238892,
                0.40405476093292236
            ],
            [
                0.0,
                0.0,
                0.0,
                1.0
            ]
        ],
        [
            [
                -0.9716141223907471,
                0.0008715022122487426,
                0.23656994104385376,
                0.01965292915701866
            ],
            [
                -0.14482712745666504,
                -0.7928953766822815,
                -0.5918968915939331,
                0.042044419795274734
            ],
            [
                0.1870594322681427,
                -0.6093571186065674,
                0.7705144882202148,
                0.4147224724292755
            ],
            [
                0.0,
                0.0,
                0.0,
                1.0
            ]
        ],
        [
            [
                0.9971196055412292,
                0.07472211122512817,
                -0.012998848222196102,
                -0.04754387214779854
            ],
            [
                -0.05841701850295067,
                0.8659474849700928,
                0.49671149253845215,
                -0.010158054530620575
            ],
            [
                0.04837165027856827,
                -0.4945214092731476,
                0.8678183555603027,
                0.3687291741371155
            ],
            [
                0.0,
                0.0,
                0.0,
                1.0
            ]
        ],
        [
            [
                -0.7670076489448547,
                -0.0022857175208628178,
                0.641633927822113,
                0.010898821987211704
            ],
            [
                -0.5376667380332947,
                -0.5434392094612122,
                -0.6446613669395447,
                0.04577101767063141
            ],
            [
                0.350162535905838,
                -0.8394454121589661,
                0.4155930280685425,
                0.3955836296081543
            ],
            [
                0.0,
                0.0,
                0.0,
                1.0
            ]
        ],
        [
            [
                -0.9669111371040344,
                -0.03291495889425278,
                0.25298091769218445,
                0.018841054290533066
            ],
            [
                -0.1354408711194992,
                -0.7741168141365051,
                -0.6183839440345764,
                0.04962572082877159
            ],
            [
                0.2161908596754074,
                -0.6321862936019897,
                0.7440442442893982,
                0.4169847071170807
            ],
            [
                0.0,
                0.0,
                0.0,
                1.0
            ]
        ],
        [
            [
                0.9913784265518188,
                0.13000407814979553,
                -0.016365021467208862,
                -0.0468582846224308
            ],
            [
                -0.10916239023208618,
                0.8885402083396912,
                0.4456229507923126,
                -0.016279831528663635
            ],
            [
                0.07247378677129745,
                -0.43999454379081726,
                0.8950710892677307,
                0.3603322505950928
            ],
            [
                0.0,
                0.0,
                0.0,
                1.0
            ]
        ],
        [
            [
                0.9254592061042786,
                0.07457245141267776,
                -0.3714353144168854,
                -0.04260724410414696
            ],
            [
                -0.24805942177772522,
                0.8603159189224243,
                -0.4453347325325012,
                0.046597570180892944
            ],
            [
                0.28634193539619446,
                0.5042771697044373,
                0.8146857023239136,
                0.40272724628448486
            ],
            [
                0.0,
                0.0,
                0.0,
                1.0
            ]
        ],
        [
            [
                -0.8714442849159241,
                0.025330154225230217,
                0.48984000086784363,
                0.015520195476710796
            ],
            [
                -0.38035470247268677,
                -0.66546231508255,
                -0.6422539353370667,
                0.05796738341450691
            ],
            [
                0.30970168113708496,
                -0.7460014820098877,
                0.5895478129386902,
                0.4142066240310669
            ],
            [
                0.0,
                0.0,
                0.0,
                1.0
            ]
        ],
        [
            [
                0.9952208399772644,
                0.08948345482349396,
                -0.03909378871321678,
                -0.046852290630340576
            ],
            [
                -0.07958079129457474,
                0.9752364158630371,
                0.20635145902633667,
                -0.0004109516739845276
            ],
            [
                0.056590739637613297,
                -0.20225416123867035,
                0.9776966571807861,
                0.37292781472206116
            ],
            [
                0.0,
                0.0,
                0.0,
                1.0
            ]
        ],
        [
            [
                -0.9090510010719299,
                0.04801807552576065,
                0.41390880942344666,
                0.0168246328830719
            ],
            [
                -0.2928304374217987,
                -0.7803047299385071,
                -0.5526074171066284,
                0.04028702154755592
            ],
            [
                0.29643985629081726,
                -0.6235533952713013,
                0.723397970199585,
                0.40175455808639526
            ],
            [
                0.0,
                0.0,
                0.0,
                1.0
            ]
        ],
        [
            [
                0.9109199643135071,
                0.3891267776489258,
                -0.13713212311267853,
                -0.042002368718385696
            ],
            [
                -0.23126831650733948,
                0.7568246126174927,
                0.611335813999176,
                -0.010499663650989532
            ],
            [
                0.3416720926761627,
                -0.5251636505126953,
                0.7793993353843689,
                0.35289767384529114
            ],
            [
                0.0,
                0.0,
                0.0,
                1.0
            ]
        ],
        [
            [
                -0.7399268746376038,
                0.6482946872711182,
                0.17950527369976044,
                0.01004807185381651
            ],
            [
                -0.4667646884918213,
                -0.6869581937789917,
                0.5569731593132019,
                -0.0046371594071388245
            ],
            [
                0.4843953251838684,
                0.32833269238471985,
                0.8108999729156494,
                0.3506776690483093
            ],
            [
                0.0,
                0.0,
                0.0,
                1.0
            ]
        ],
        [
            [
                0.975128173828125,
                0.009529690258204937,
                -0.22143691778182983,
                -0.045546919107437134
            ],
            [
                -0.11706166714429855,
                0.8705055117607117,
                -0.4780345559120178,
                0.04197091609239578
            ],
            [
                0.1882064938545227,
                0.49206671118736267,
                0.8499699234962463,
                0.40518897771835327
            ],
            [
                0.0,
                0.0,
                0.0,
                1.0
            ]
        ],
        [
            [
                -0.9183261394500732,
                -0.0015095394337549806,
                0.39582180976867676,
                0.016706019639968872
            ],
            [
                -0.2804969251155853,
                -0.7030841708183289,
                -0.6534479856491089,
                0.04966217279434204
            ],
            [
                0.27928245067596436,
                -0.7111051678657532,
                0.6452370882034302,
                0.4097038805484772
            ],
            [
                0.0,
                0.0,
                0.0,
                1.0
            ]
        ]
    ],
    "width": 0.1235,
    "depth": 0.02,
    "score": 0.699884295463562
}