{
    "transform": [
        [
            [
                -0.5994973182678223,
                0.7917418479919434,
                0.1172507107257843,
                -0.021004263311624527
            ],
            [
                -0.33750441670417786,
                -0.38290277123451233,
                0.8599280118942261,
                0.05439085513353348
            ],
            [
                0.725736677646637,
                0.4759519398212433,
                0.4967655539512634,
                0.48869913816452026
            ],
            [
                0.0,
                0.0,
                0.0,
                1.0
            ]
        ],
        [
            [
                -0.41134804487228394,
                0.9067376852035522,
                0.09284179657697678,
                -0.007689682766795158
            ],
            [
                -0.34651586413383484,
                -0.24977906048297882,
                0.9041776061058044,
                0.05711831897497177
            ],
            [
                0.8430418968200684,
                0.33976054191589355,
                0.41694507002830505,
                0.4984012842178345
            ],
            [
                0.0,
                0.0,
                0.0,
                1.0
            ]
        ],
        [
            [
                -0.0725451111793518,
                0.9972434043884277,
                0.015580003149807453,
                0.01224228460341692
            ],
            [
                -0.4423760771751404,
                -0.0461735837161541,
                0.8956401944160461,
                0.060093194246292114
            ],
            [
                0.8938906788825989,
                0.05808209627866745,
                0.44450634717941284,
                0.5049386024475098
            ],
            [
                0.0,
                0.0,
                0.0,
                1.0
            ]
        ],
        [
            [
                0.6874266266822815,
                0.7254155874252319,
                0.03488095849752426,
                -0.030413862317800522
            ],
            [
                -0.6527143120765686,
                0.5960462093353271,
                0.4676459729671478,
                0.11119087785482407
            ],
            [
                0.3184470236301422,
                -0.34423959255218506,
                0.8832272887229919,
                0.43121153116226196
            ],
            [
                0.0,
                0.0,
                0.0,
                1.0
            ]
        ],
        [
            [
                -0.12141772359609604,
                0.992139995098114,
                0.030263783410191536,
                0.007124149240553379
            ],
            [
                -0.4112693965435028,
                -0.07803332060575485,
                0.9081675410270691,
                0.04493298381567001
            ],
            [
                0.9033909440040588,
                0.09782107174396515,
                0.4175114631652832,
                0.49726563692092896
            ],
            [
                0.0,
                0.0,
                0.0,
                1.0
            ]
        ],
        [
            [
                0.9283449649810791,
                0.2965587079524994,
                -0.22411727905273438,
                0.06667868793010712
            ],
            [
                -0.03909439593553543,
                0.6774700284004211,
                0.7345107197761536,
                0.08399724215269089
            ],
            [
                0.36965829133987427,
                -0.6731176376342773,
                0.6405196785926819,
                0.4764113426208496
            ],
            [
                0.0,
                0.0,
                0.0,
                1.0
            ]
        ],
        [
            [
                0.05415286123752594,
                0.9984816908836365,
                0.010093268938362598,
                0.018765049055218697
            ],
            [
                -0.46693214774131775,
                0.016386717557907104,
                0.8841413259506226,
                0.051323410123586655
            ],
            [
                0.8826335072517395,
                -0.052591655403375626,
                0.4671105742454529,
                0.5008060932159424
            ],
            [
                0.0,
                0.0,
                0.0,
                1.0
            ]
        ],
        [
            [
                -0.9075944423675537,
                0.3582322895526886,
                0.21895676851272583,
                -0.038064055144786835
            ],
            [
                -0.11659857630729675,
                -0.7160624861717224,
                0.6882292628288269,
                0.08237795531749725
            ],
            [
                0.40333259105682373,
                0.5991030335426331,
                0.6916636228561401,
                0.4731414318084717
            ],
            [
                0.0,
                0.0,
                0.0,
                1.0
            ]
        ],
        [
            [
                0.9882490634918213,
                0.09934014827013016,
                -0.11616934835910797,
                0.07173921167850494
            ],
            [
                0.016344400122761726,
                0.6869758367538452,
                0.7264963984489441,
                0.08587740361690521
            ],
            [
                0.1519758105278015,
                -0.7198581099510193,
                0.6772795915603638,
                0.4584236741065979
            ],
            [
                0.0,
                0.0,
                0.0,
                1.0
            ]
        ],
        [
            [
                0.9562031626701355,
                0.16981720924377441,
                0.23840640485286713,
                -0.038653843104839325
            ],
            [
                -0.29262369871139526,
                0.5355551838874817,
                0.7921817302703857,
                0.09988878667354584
            ],
            [
                0.0068463049829006195,
                -0.827250063419342,
                0.5617921352386475,
                0.4555129408836365
            ],
            [
                0.0,
                0.0,
                0.0,
                1.0
            ]
        ],
        [
            [
                -0.7076944708824158,
                0.7008733749389648,
                -0.08913499861955643,
                0.059609826654195786
            ],
            [
                -0.5811317563056946,
                -0.5056971311569214,
                0.6376176476478577,
                0.10710196942090988
            ],
            [
                0.40181395411491394,
                0.503037691116333,
                0.7651787996292114,
                0.42257779836654663
            ],
            [
                0.0,
                0.0,
                0.0,
                1.0
            ]
        ],
        [
            [
                -0.5499146580696106,
                0.8261179327964783,
                0.1229763776063919,
                -0.015835922211408615
            ],
            [
                -0.32146143913269043,
                -0.3452412486076355,
                0.8817432522773743,
                0.06115403026342392
            ],
            [
                0.7708803415298462,
                0.44535139203071594,
                0.45541825890541077,
                0.4955005347728729
            ],
            [
                0.0,
                0.0,
                0.0,
                1.0
            ]
        ],
        [
            [
                0.28446754813194275,
                0.9578554034233093,
                -0.039891552180051804,
                0.0304292943328619
            ],
            [
                -0.41709354519844055,
                0.16112171113491058,
                0.8944679498672485,
                0.058640383183956146
            ],
            [
                0.8631982207298279,
                -0.23780860006809235,
                0.44534918665885925,
                0.5020280480384827
            ],
            [
                0.0,
                0.0,
                0.0,
                1.0
            ]
        ],
        [
            [
                0.946100652217865,
                0.24908024072647095,
                -0.20700839161872864,
                0.07156980782747269
            ],
            [
                0.02123848907649517,
                0.5900756120681763,
                0.8070684671401978,
                0.076675184071064
            ],
            [
                0.32317546010017395,
                -0.7679645419120789,
                0.552980899810791,
                0.46387460827827454
            ],
            [
                0.0,
                0.0,
                0.0,
                1.0
            ]
        ],
        [
            [
                0.16265684366226196,
                0.9865565299987793,
                0.015773708000779152,
                0.0004589864984154701
            ],
            [
                -0.8626453280448914,
                0.13443082571029663,
                0.48761802911758423,
                0.12437448650598526
            ],
            [
                0.47894230484962463,
                -0.09292152523994446,
                0.8729145526885986,
                0.4164847135543823
            ],
            [
                0.0,
                0.0,
                0.0,
                1.0
            ]
        ],
        [
            [
                -0.14386896789073944,
                0.9887094497680664,
                -0.04189465194940567,
                0.02003602683544159
            ],
            [
                -0.8894634246826172,
                -0.11063876748085022,
                0.44341155886650085,
                0.13092157244682312
            ],
            [
                0.4337701201438904,
                0.10105691850185394,
                0.8953384160995483,
                0.4228067696094513
            ],
            [
                0.0,
                0.0,
                0.0,
                1.0
            ]
        ],
        [
            [
                -0.6973845958709717,
                0.7028068900108337,
                0.14041760563850403,
                -0.026184558868408203
            ],
            [
                -0.3277462124824524,
                -0.4869706928730011,
                0.8095936179161072,
                0.05663915351033211
            ],
            [
                0.637367308139801,
                0.5185768008232117,
                0.5699481964111328,
                0.4848952889442444
            ],
            [
                0.0,
                0.0,
                0.0,
                1.0
            ]
        ],
        [
            [
                0.09920372068881989,
                0.9950552582740784,
                0.004873530473560095,
                0.004204399883747101
            ],
            [
                -0.8893427848815918,
                0.0864654928445816,
                0.4489912688732147,
                0.130792036652565
            ],
            [
                0.44634971022605896,
                -0.048875842243433,
                0.8935228586196899,
                0.4238969683647156
            ],
            [
                0.0,
                0.0,
                0.0,
                1.0
            ]
        ],
        [
            [
                0.032838571816682816,
                0.9994535446166992,
                0.0037555801682174206,
                0.016452670097351074
            ],
            [
                -0.4135468900203705,
                0.01016666553914547,
                0.9104260206222534,
                0.044418297708034515
            ],
            [
                0.9098904132843018,
                -0.03145019710063934,
                0.41365477442741394,
                0.497638463973999
            ],
            [
                0.0,
                0.0,
                0.0,
                1.0
            ]
        ],
        [
            [
                0.7088536024093628,
                0.6932803392410278,
                -0.12995700538158417,
                0.05601101741194725
            ],
            [
                -0.2767079770565033,
                0.4427938461303711,
                0.8528577089309692,
                0.06569943577051163
            ],
            [
                0.6488136649131775,
                -0.5685911178588867,
                0.5057122707366943,
                0.4886961281299591
            ],
            [
                0.0,
                0.0,
                0.0,
                1.0
            ]
        ],
        [
            [
                -0.7493218779563904,
                0.6503657102584839,
                0.12466461211442947,
                -0.03022068366408348
            ],
            [
                -0.34264883399009705,
                -0.5418884754180908,
                0.7674299478530884,
                0.05831548571586609
            ],
            [
                0.5666643977165222,
                0.5323358178138733,
                0.6288959383964539,
                0.4810921251773834
            ],
            [
                0.0,
                0.0,
                0.0,
                1.0
            ]
        ],
        [
            [
                -0.36944690346717834,
                0.9248844385147095,
                0.08998779207468033,
                -0.0038828272372484207
            ],
            [
                -0.3262222111225128,
                -0.2197635918855667,
                0.9193927645683289,
                0.0643383264541626
            ],
            [
                0.8701080679893494,
                0.31031081080436707,
                0.3829088509082794,
                0.5033254027366638
            ],
            [
                0.0,
                0.0,
                0.0,
                1.0
            ]
        ],
        [
            [
                0.9037764072418213,
                0.38044726848602295,
                -0.19608181715011597,
                0.06859622895717621
            ],
            [
                -0.05374593660235405,
                0.5553830862045288,
                0.8298559784889221,
                0.07066866755485535
            ],
            [
                0.4246169924736023,
                -0.7394656538963318,
                0.5223895907402039,
                0.47154709696769714
            ],
            [
                0.0,
                0.0,
                0.0,
                1.0
            ]
        ],
        [
            [
                -0.8888490200042725,
                0.3916296660900116,
                0.23785199224948883,
                -0.03629709407687187
            ],
            [
                -0.13556425273418427,
                -0.7206307649612427,
                0.6799364686012268,
                0.08363376557826996
            ],
            [
                0.4376867711544037,
                0.5721166729927063,
                0.6936229467391968,
                0.47733309864997864
            ],
            [
                0.0,
                0.0,
                0.0,
                1.0
            ]
        ],
        [
            [
                -0.6962877511978149,
                0.6977784633636475,
                0.1681918054819107,
                -0.025952279567718506
            ],
            [
                -0.27253419160842896,
                -0.4737982153892517,
                0.8374009132385254,
                0.07136247307062149
            ],
            [
                0.6640093922615051,
                0.5372340083122253,
                0.5200684070587158,
                0.4906062185764313
            ],
            [
                0.0,
                0.0,
                0.0,
                1.0
            ]
        ],
        [
            [
                -0.9202115535736084,
                0.3733561933040619,
                -0.11754033714532852,
                0.06639232486486435
            ],
            [
                -0.36486172676086426,
                -0.7094531655311584,
                0.602952778339386,
                0.10299666970968246
            ],
            [
                0.1417268067598343,
                0.5977301001548767,
                0.7890704870223999,
                0.4429735243320465
            ],
            [
                0.0,
                0.0,
                0.0,
                1.0
            ]
        ],
        [
            [
                0.9795470833778381,
                0.07054774463176727,
                0.18844257295131683,
                -0.04177851229906082
            ],
            [
                -0.19716233015060425,
                0.5235405564308167,
                0.8288741707801819,
                0.08993875980377197
            ],
            [
                -0.040182117372751236,
                -0.8490750789642334,
                0.5267419219017029,
                0.4459979236125946
            ],
            [
                0.0,
                0.0,
                0.0,
                1.0
            ]
        ],
        [
            [
                -0.6968914270401001,
                0.7135897278785706,
                -0.07163738459348679,
                0.05739285424351692
            ],
            [
                -0.619486391544342,
                -0.5486241579055786,
                0.561469554901123,
                0.11430131644010544
            ],
            [
                0.36135685443878174,
                0.4356617033481598,
                0.824390709400177,
                0.43039900064468384
            ],
            [
                0.0,
                0.0,
                0.0,
                1.0
            ]
        ],
        [
            [
                0.3578338623046875,
                0.9334084391593933,
                -0.026525534689426422,
                -0.011171296238899231
            ],
            [
                -0.7994871139526367,
                0.3209231495857239,
                0.5077683329582214,
                0.12333887070417404
            ],
            [
                0.4824678897857666,
                -0.16048987209796906,
                0.8610851764678955,
                0.4223681390285492
            ],
            [
                0.0,
                0.0,
                0.0,
                1.0
            ]
        ],
        [
            [
                -0.16562458872795105,
                0.9856769442558289,
                0.03177167847752571,
                0.0060620177537202835
            ],
            [
                -0.41326043009757996,
                -0.09862015396356583,
                0.9052567481994629,
                0.051247093826532364
            ],
            [
                0.8954241275787354,
                0.1368027925491333,
                0.42367517948150635,
                0.5000613927841187
            ],
            [
                0.0,
                0.0,
                0.0,
                1.0
            ]
        ]
    ],
    "width": 0.1235,
    "depth": 0.02,
    "score": 0.8587985038757324
}