{
    "transform": [
        [
            [
                -0.9320429563522339,
                0.03477437049150467,
                0.3606753647327423,
                0.00854659266769886
            ],
            [
                -0.1677636057138443,
                -0.923685610294342,
                -0.34447118639945984,
                0.024472177028656006
            ],
            [
                0.32117190957069397,
                -0.38157013058662415,
                0.8667484521865845,
                0.3525080978870392
            ],
            [
                0.0,
                0.0,
                0.0,
                1.0
            ]
        ],
        [
            [
                0.9929071068763733,
                -0.027772406116127968,
                -0.11560331284999847,
                -0.04012202471494675
            ],
            [
                -0.0506669320166111,
                0.7807803750038147,
                -0.6227478384971619,
                0.04960888996720314
            ],
            [
                0.10755600035190582,
                0.6241880655288696,
                0.773835301399231,
                0.39147019386291504
            ],
            [
                0.0,
                0.0,
                0.0,
                1.0
            ]
        ],
        [
            [
                -0.9080680012702942,
                0.04958368465304375,
                0.4158773720264435,
                0.010331092402338982
            ],
            [
                -0.24817843735218048,
                -0.8635631203651428,
                -0.43893763422966003,
                0.04958486929535866
            ],
            [
                0.3373722434043884,
                -0.5017970204353333,
                0.7964795827865601,
                0.3749772906303406
            ],
            [
                0.0,
                0.0,
                0.0,
                1.0
            ]
        ],
        [
            [
                0.9491682052612305,
                -0.005701279733330011,
                -0.3147178292274475,
                -0.038896165788173676
            ],
            [
                -0.15285657346248627,
                0.8656812310218811,
                -0.4766874611377716,
                0.07000692933797836
            ],
            [
                0.27516308426856995,
                0.5005632638931274,
                0.8208054900169373,
                0.3921597898006439
            ],
            [
                0.0,
                0.0,
                0.0,
                1.0
            ]
        ],
        [
            [
                0.9950242042541504,
                -0.014421063475310802,
                -0.09858318418264389,
                -0.04167090356349945
            ],
            [
                -0.04811396449804306,
                0.7968950271606445,
                -0.6021986603736877,
                0.0716855600476265
            ],
            [
                0.08724477142095566,
                0.6039454340934753,
                0.7922361493110657,
                0.4065825641155243
            ],
            [
                0.0,
                0.0,
                0.0,
                1.0
            ]
        ],
        [
            [
                0.9671815037727356,
                -0.07191663235425949,
                -0.24369628727436066,
                -0.03812987729907036
            ],
            [
                -0.07143831998109818,
                0.8434518575668335,
                -0.5324333906173706,
                0.050276730209589005
            ],
            [
                0.24383693933486938,
                0.5323690176010132,
                0.8106334805488586,
                0.38020938634872437
            ],
            [
                0.0,
                0.0,
                0.0,
                1.0
            ]
        ],
        [
            [
                -0.96016526222229,
                0.024976054206490517,
                0.27831438183784485,
                0.009695598855614662
            ],
            [
                -0.1417657732963562,
                -0.9018401503562927,
                -0.4081505537033081,
                0.03918292373418808
            ],
            [
                0.24080106616020203,
                -0.43134742975234985,
                0.8694562911987305,
                0.3665744364261627
            ],
            [
                0.0,
                0.0,
                0.0,
                1.0
            ]
        ],
        [
            [
                -0.8923618197441101,
                0.14310218393802643,
                0.4280329644680023,
                0.008307849988341331
            ],
            [
                -0.3122442364692688,
                -0.8805428743362427,
                -0.35657817125320435,
                0.009062312543392181
            ],
            [
                0.3258742690086365,
                -0.4518475830554962,
                0.8304455876350403,
                0.3426610827445984
            ],
            [
                0.0,
                0.0,
                0.0,
                1.0
            ]
        ],
        [
            [
                0.9816713929176331,
                -0.02596248872578144,
                -0.18880495429039001,
                -0.039608485996723175
            ],
            [
                -0.09363647550344467,
                0.7971552610397339,
                -0.5964692831039429,
                0.05811603367328644
            ],
            [
                0.16599272191524506,
                0.6032158732414246,
                0.7801133990287781,
                0.39066025614738464
            ],
            [
                0.0,
                0.0,
                0.0,
                1.0
            ]
        ],
        [
            [
                0.9998207688331604,
                -0.007333862595260143,
                -0.017452094703912735,
                -0.04160621017217636
            ],
            [
                -0.005220593418926001,
                0.7793365120887756,
                -0.6265838146209717,
                0.04824124649167061
            ],
            [
                0.018196340650320053,
                0.6265626549720764,
                0.7791585922241211,
                0.401632696390152
            ],
            [
                0.0,
                0.0,
                0.0,
                1.0
            ]
        ],
        [
            [
                -0.9815737009048462,
                0.05896934121847153,
                0.181757390499115,
                0.010570479556918144
            ],
            [
                -0.15262898802757263,
                -0.8142490386962891,
                -0.5600918531417847,
                0.026423867791891098
            ],
            [
                0.11496757715940475,
                -0.5775128602981567,
                0.808245837688446,
                0.36890971660614014
            ],
            [
                0.0,
                0.0,
                0.0,
                1.0
            ]
        ],
        [
            [
                -0.9706286787986755,
                0.01728283241391182,
                0.23996102809906006,
                0.01324000395834446
            ],
            [
                -0.1650327742099762,
                -0.7735797166824341,
                -0.6118321418762207,
                0.06398771703243256
            ],
            [
                0.17505481839179993,
                -0.6334632635116577,
                0.7537108659744263,
                0.40046602487564087
            ],
            [
                0.0,
                0.0,
                0.0,
                1.0
            ]
        ],
        [
            [
                -0.9421132206916809,
                0.12481870502233505,
                0.31119582056999207,
                0.009666277095675468
            ],
            [
                -0.2958441972732544,
                -0.7462373375892639,
                -0.5963268876075745,
                0.0038661733269691467
            ],
            [
                0.1577930897474289,
                -0.6538729071617126,
                0.7399671077728271,
                0.35084718465805054
            ],
            [
                0.0,
                0.0,
                0.0,
                1.0
            ]
        ],
        [
            [
                -0.994867205619812,
                0.0007072961307130754,
                0.10118640214204788,
                0.01098056323826313
            ],
            [
                -0.06437184661626816,
                -0.7759660482406616,
                -0.6274814605712891,
                0.018299326300621033
            ],
            [
                0.0780734121799469,
                -0.6307742595672607,
                0.7720287442207336,
                0.369028240442276
            ],
            [
                0.0,
                0.0,
                0.0,
                1.0
            ]
        ],
        [
            [
                -0.9446977972984314,
                0.02530684880912304,
                0.32696425914764404,
                0.009073255583643913
            ],
            [
                -0.17193688452243805,
                -0.8872217535972595,
                -0.42810681462287903,
                0.028795186430215836
            ],
            [
                0.279255747795105,
                -0.460648775100708,
                0.8425076007843018,
                0.35795965790748596
            ],
            [
                0.0,
                0.0,
                0.0,
                1.0
            ]
        ],
        [
            [
                0.9083136916160583,
                0.04995417967438698,
                -0.4152960181236267,
                -0.033905625343322754
            ],
            [
                -0.2701609134674072,
                0.8280441164970398,
                -0.49127987027168274,
                0.006403833627700806
            ],
            [
                0.3193419873714447,
                0.5584329962730408,
                0.7656195163726807,
                0.3418440520763397
            ],
            [
                0.0,
                0.0,
                0.0,
                1.0
            ]
        ],
        [
            [
                -0.977870762348175,
                0.03932053968310356,
                0.2054811716079712,
                0.012495290488004684
            ],
            [
                -0.12228258699178696,
                -0.9043592214584351,
                -0.40887799859046936,
                0.052992597222328186
            ],
            [
                0.16975140571594238,
                -0.4249565899372101,
                0.889154851436615,
                0.39097335934638977
            ],
            [
                0.0,
                0.0,
                0.0,
                1.0
            ]
        ],
        [
            [
                -0.9318050742149353,
                0.00839549582451582,
                0.3628619611263275,
                0.012108096852898598
            ],
            [
                -0.20164546370506287,
                -0.843228280544281,
                -0.49830231070518494,
                0.06269711256027222
            ],
            [
                0.3017919659614563,
                -0.5374900698661804,
                0.7874172925949097,
                0.39238882064819336
            ],
            [
                0.0,
                0.0,
                0.0,
                1.0
            ]
        ],
        [
            [
                0.9585297107696533,
                -0.010771553963422775,
                -0.28478899598121643,
                -0.03470401465892792
            ],
            [
                -0.15290603041648865,
                0.8238431811332703,
                -0.5458042025566101,
                0.010795854032039642
            ],
            [
                0.24050064384937286,
                0.5667154788970947,
                0.7880311012268066,
                0.34989359974861145
            ],
            [
                0.0,
                0.0,
                0.0,
                1.0
            ]
        ],
        [
            [
                0.9775508642196655,
                0.049621425569057465,
                -0.20477287471294403,
                -0.036253057420253754
            ],
            [
                -0.17801536619663239,
                0.7144198417663574,
                -0.6766939759254456,
                0.0071703046560287476
            ],
            [
                0.11271527409553528,
                0.6979554891586304,
                0.7072151899337769,
                0.3614948093891144
            ],
            [
                0.0,
                0.0,
                0.0,
                1.0
            ]
        ],
        [
            [
                0.9584959745407104,
                -0.04450060427188873,
                -0.28161171078681946,
                -0.03509511053562164
            ],
            [
                -0.11544279009103775,
                0.8425718545913696,
                -0.5260660648345947,
                0.015596449375152588
            ],
            [
                0.2606884241104126,
                0.5367422699928284,
                0.8024644255638123,
                0.35383668541908264
            ],
            [
                0.0,
                0.0,
                0.0,
                1.0
            ]
        ],
        [
            [
                -0.9936456084251404,
                0.062018364667892456,
                0.09392554312944412,
                0.01430303044617176
            ],
            [
                -0.11100583523511887,
                -0.6778912544250488,
                -0.7267332077026367,
                0.05676015093922615
            ],
            [
                0.0186004601418972,
                -0.732541561126709,
                0.6804681420326233,
                0.4055803120136261
            ],
            [
                0.0,
                0.0,
                0.0,
                1.0
            ]
        ],
        [
            [
                -0.9833442568778992,
                0.03433302044868469,
                0.17848078906536102,
                0.009929673746228218
            ],
            [
                -0.13619445264339447,
                -0.7894578576087952,
                -0.598504364490509,
                0.01747468113899231
            ],
            [
                0.12035463005304337,
                -0.612843930721283,
                0.7809847593307495,
                0.36040741205215454
            ],
            [
                0.0,
                0.0,
                0.0,
                1.0
            ]
        ],
        [
            [
                0.9553992748260498,
                -0.03928606957197189,
                -0.29269254207611084,
                -0.03581978380680084
            ],
            [
                -0.12531767785549164,
                0.8435172438621521,
                -0.5222778916358948,
                0.025867566466331482
            ],
            [
                0.2674095034599304,
                0.5356634855270386,
                0.8009724020957947,
                0.36114302277565
            ],
            [
                0.0,
                0.0,
                0.0,
                1.0
            ]
        ],
        [
            [
                -0.9620641469955444,
                0.07714732736349106,
                0.2616886794567108,
                0.009308183565735817
            ],
            [
                -0.2131633460521698,
                -0.8112105131149292,
                -0.5445172786712646,
                0.011246398091316223
            ],
            [
                0.17027665674686432,
                -0.5796430110931396,
                0.7968814373016357,
                0.3519269526004791
            ],
            [
                0.0,
                0.0,
                0.0,
                1.0
            ]
        ],
        [
            [
                0.9346538186073303,
                -0.014891915023326874,
                -0.3552470803260803,
                -0.03409341722726822
            ],
            [
                -0.15699759125709534,
                0.8791635036468506,
                -0.4499145746231079,
                0.016853690147399902
            ],
            [
                0.3190203309059143,
                0.476287305355072,
                0.8193755149841309,
                0.3475996255874634
            ],
            [
                0.0,
                0.0,
                0.0,
                1.0
            ]
        ],
        [
            [
                -0.9518405199050903,
                0.0437607616186142,
                0.30345457792282104,
                0.011339329183101654
            ],
            [
                -0.18621782958507538,
                -0.8687974214553833,
                -0.4588179290294647,
                0.04787294566631317
            ],
            [
                0.24356237053871155,
                -0.4932301640510559,
                0.8351055383682251,
                0.38108545541763306
            ],
            [
                0.0,
                0.0,
                0.0,
                1.0
            ]
        ],
        [
            [
                -0.9430952072143555,
                0.018191741779446602,
                0.33202487230300903,
                0.009610937908291817
            ],
            [
                -0.19737911224365234,
                -0.8341952562332153,
                -0.5149365663528442,
                0.03163321688771248
            ],
            [
                0.26760607957839966,
                -0.5511689782142639,
                0.7903161644935608,
                0.3633735775947571
            ],
            [
                0.0,
                0.0,
                0.0,
                1.0
            ]
        ],
        [
            [
                0.9904730319976807,
                -0.02890719100832939,
                -0.1346382200717926,
                -0.04066874459385872
            ],
            [
                -0.059424255043268204,
                0.7922765612602234,
                -0.6072616577148438,
                0.05815555900335312
            ],
            [
                0.12422491610050201,
                0.6094771027565002,
                0.7830108404159546,
                0.396804541349411
            ],
            [
                0.0,
                0.0,
                0.0,
                1.0
            ]
        ],
        [
            [
                -0.9327876567840576,
                0.07967613637447357,
                0.3515095114707947,
                0.008419966325163841
            ],
            [
                -0.24096576869487762,
                -0.8631207942962646,
                -0.4437996745109558,
                0.016073063015937805
            ],
            [
                0.26803484559059143,
                -0.49867260456085205,
                0.8243076205253601,
                0.3472853899002075
            ],
            [
                0.0,
                0.0,
                0.0,
                1.0
            ]
        ]
    ],
    "width": 0.1235,
    "depth": 0.02,
    "score": 0.6702350378036499
}