{
    "transform": [
        [
            [
                0.9991794228553772,
                -0.031543001532554626,
                -0.02540506422519684,
                -0.025098804384469986
            ],
            [
                0.01791267842054367,
                -0.2184164822101593,
                0.9756912589073181,
                -0.0075763314962387085
            ],
            [
                -0.036325111985206604,
                -0.9753457307815552,
                -0.21767225861549377,
                0.4297105371952057
            ],
            [
                0.0,
                0.0,
                0.0,
                1.0
            ]
        ],
        [
            [
                0.9996653199195862,
                0.01543657947331667,
                0.020760241895914078,
                -0.029489632695913315
            ],
            [
                -0.013788408599793911,
                0.9969112873077393,
                -0.07731634378433228,
                0.06271186470985413
            ],
            [
                -0.021889617666602135,
                0.07700421661138535,
                0.9967904686927795,
                0.37688586115837097
            ],
            [
                0.0,
                0.0,
                0.0,
                1.0
            ]
        ],
        [
            [
                0.9995543360710144,
                -0.01863238401710987,
                -0.023323234170675278,
                -0.024542782455682755
            ],
            [
                0.008835867047309875,
                -0.5616254806518555,
                0.8273443579673767,
                -0.005008287727832794
            ],
            [
                -0.028514325618743896,
                -0.8271816968917847,
                -0.561210572719574,
                0.4544923007488251
            ],
            [
                0.0,
                0.0,
                0.0,
                1.0
            ]
        ],
        [
            [
                0.999474287033081,
                -0.009439260698854923,
                0.03101532906293869,
                -0.027295347303152084
            ],
            [
                -0.022898957133293152,
                0.4716772437095642,
                0.8814738988876343,
                0.02339395135641098
            ],
            [
                -0.022949688136577606,
                -0.8817206621170044,
                0.471213161945343,
                0.39313969016075134
            ],
            [
                0.0,
                0.0,
                0.0,
                1.0
            ]
        ],
        [
            [
                0.9993956685066223,
                0.006734699942171574,
                0.03410286456346512,
                -0.02978982776403427
            ],
            [
                0.009231584146618843,
                0.8944047093391418,
                -0.44716334342956543,
                0.116356261074543
            ],
            [
                -0.03351327404379845,
                0.4472079277038574,
                0.8938019871711731,
                0.42236393690109253
            ],
            [
                0.0,
                0.0,
                0.0,
                1.0
            ]
        ],
        [
            [
                0.9982215166091919,
                -0.004183963406831026,
                0.05946686491370201,
                -0.02887028083205223
            ],
            [
                0.0394369475543499,
                0.7944080233573914,
                -0.6061028242111206,
                0.09796101599931717
            ],
            [
                -0.044705044478178024,
                0.6073700785636902,
                0.7931602001190186,
                0.42945727705955505
            ],
            [
                0.0,
                0.0,
                0.0,
                1.0
            ]
        ],
        [
            [
                0.9995657205581665,
                0.015773894265294075,
                0.024891439825296402,
                -0.029206033796072006
            ],
            [
                -0.02140481024980545,
                0.9691937565803528,
                0.2453676015138626,
                0.057172972708940506
            ],
            [
                -0.02025422640144825,
                -0.24579383432865143,
                0.9691104888916016,
                0.37326136231422424
            ],
            [
                0.0,
                0.0,
                0.0,
                1.0
            ]
        ],
        [
            [
                0.9995872378349304,
                -0.017811454832553864,
                -0.022545110434293747,
                -0.02503100037574768
            ],
            [
                0.005688797682523727,
                -0.6464450359344482,
                0.762939453125,
                0.0024538040161132812
            ],
            [
                -0.028163250535726547,
                -0.7627528309822083,
                -0.6460767388343811,
                0.44535550475120544
            ],
            [
                0.0,
                0.0,
                0.0,
                1.0
            ]
        ],
        [
            [
                0.9986805319786072,
                -0.004337557125836611,
                0.051170576363801956,
                -0.028931207954883575
            ],
            [
                0.034012503921985626,
                0.8024171590805054,
                -0.5957934856414795,
                0.08770434558391571
            ],
            [
                -0.03847585618495941,
                0.5967478156089783,
                0.8015058636665344,
                0.41670122742652893
            ],
            [
                0.0,
                0.0,
                0.0,
                1.0
            ]
        ],
        [
            [
                0.9993947744369507,
                -0.026460301131010056,
                0.02258034609258175,
                -0.02556850016117096
            ],
            [
                -0.03471014276146889,
                -0.7159125804901123,
                0.6973265409469604,
                0.0176997110247612
            ],
            [
                -0.002285921713337302,
                -0.6976882219314575,
                -0.716397762298584,
                0.4461703300476074
            ],
            [
                0.0,
                0.0,
                0.0,
                1.0
            ]
        ],
        [
            [
                0.9989832639694214,
                -0.008966927416622639,
                0.04418030381202698,
                -0.029344722628593445
            ],
            [
                -0.028753068298101425,
                0.6280707716941833,
                0.777624785900116,
                0.04163411632180214
            ],
            [
                -0.034721266478300095,
                -0.7781044244766235,
                0.627174437046051,
                0.35982978343963623
            ],
            [
                0.0,
                0.0,
                0.0,
                1.0
            ]
        ],
        [
            [
                0.9967606663703918,
                0.0035368867684155703,
                -0.08034656941890717,
                -0.024326007813215256
            ],
            [
                0.0578811876475811,
                -0.7251645922660828,
                0.6861385107040405,
                -0.027662433683872223
            ],
            [
                -0.055837687104940414,
                -0.6885663866996765,
                -0.7230203151702881,
                0.4328121840953827
            ],
            [
                0.0,
                0.0,
                0.0,
                1.0
            ]
        ],
        [
            [
                0.9993256330490112,
                -0.005337180569767952,
                0.03632883355021477,
                -0.027919761836528778
            ],
            [
                -0.027284394949674606,
                0.5541802048683167,
                0.8319494128227234,
                0.02833397686481476
            ],
            [
                -0.024572987109422684,
                -0.8323795795440674,
                0.5536608695983887,
                0.37812525033950806
            ],
            [
                0.0,
                0.0,
                0.0,
                1.0
            ]
        ],
        [
            [
                0.9995641112327576,
                -0.02680852636694908,
                0.012365738861262798,
                -0.0253753662109375
            ],
            [
                -0.026939792558550835,
                -0.6568993926048279,
                0.7534968256950378,
                0.009758897125720978
            ],
            [
                -0.012077092193067074,
                -0.7535015344619751,
                -0.6573352813720703,
                0.4428001940250397
            ],
            [
                0.0,
                0.0,
                0.0,
                1.0
            ]
        ],
        [
            [
                0.9982408285140991,
                -0.007982291281223297,
                -0.058748774230480194,
                -0.025152087211608887
            ],
            [
                0.039329953491687775,
                -0.6523282527923584,
                0.7569154500961304,
                -0.022777244448661804
            ],
            [
                -0.04436539486050606,
                -0.7578944563865662,
                -0.6508668065071106,
                0.43062275648117065
            ],
            [
                0.0,
                0.0,
                0.0,
                1.0
            ]
        ],
        [
            [
                0.999553918838501,
                -0.01757034845650196,
                0.024149088189005852,
                -0.026590056717395782
            ],
            [
                -0.015250534750521183,
                0.39493682980537415,
                0.9185816049575806,
                0.01063508540391922
            ],
            [
                -0.025677166879177094,
                -0.9185401201248169,
                0.3944927155971527,
                0.4021303057670593
            ],
            [
                0.0,
                0.0,
                0.0,
                1.0
            ]
        ],
        [
            [
                0.9992951154708862,
                0.011438135989010334,
                0.03575414419174194,
                -0.03010951355099678
            ],
            [
                0.007295358460396528,
                0.8751163482666016,
                -0.4838576316833496,
                0.08726626634597778
            ],
            [
                -0.036823466420173645,
                0.48377740383148193,
                0.8744161128997803,
                0.3959619402885437
            ],
            [
                0.0,
                0.0,
                0.0,
                1.0
            ]
        ],
        [
            [
                0.9993498921394348,
                0.014442780055105686,
                0.03303175047039986,
                -0.029454179108142853
            ],
            [
                0.006662318948656321,
                0.8264766335487366,
                -0.562931478023529,
                0.10308054834604263
            ],
            [
                -0.035430263727903366,
                0.5627855658531189,
                0.8258432149887085,
                0.41760504245758057
            ],
            [
                0.0,
                0.0,
                0.0,
                1.0
            ]
        ],
        [
            [
                0.9994804859161377,
                0.017094310373067856,
                0.027322398498654366,
                -0.030407294631004333
            ],
            [
                -0.002248861128464341,
                0.8826736807823181,
                -0.4699808955192566,
                0.10709685832262039
            ],
            [
                -0.032150764018297195,
                0.4696752727031708,
                0.8822535872459412,
                0.4118146300315857
            ],
            [
                0.0,
                0.0,
                0.0,
                1.0
            ]
        ],
        [
            [
                0.9986855387687683,
                -0.015356087125837803,
                -0.04890124127268791,
                -0.024173565208911896
            ],
            [
                0.030803721398115158,
                -0.5827322602272034,
                0.8120802640914917,
                -0.018251903355121613
            ],
            [
                -0.04096669703722,
                -0.8125191330909729,
                -0.5814933180809021,
                0.44765496253967285
            ],
            [
                0.0,
                0.0,
                0.0,
                1.0
            ]
        ],
        [
            [
                0.998822033405304,
                0.006000832188874483,
                0.048151470720767975,
                -0.028865505009889603
            ],
            [
                0.024431413039565086,
                0.7951756119728088,
                -0.6058868169784546,
                0.07937315106391907
            ],
            [
                -0.04192471131682396,
                0.606349527835846,
                0.7940922975540161,
                0.40925878286361694
            ],
            [
                0.0,
                0.0,
                0.0,
                1.0
            ]
        ],
        [
            [
                0.9989431500434875,
                -0.01636255718767643,
                0.04295361414551735,
                -0.02859034389257431
            ],
            [
                -0.028360938653349876,
                0.5159847140312195,
                0.8561281561851501,
                0.028996221721172333
            ],
            [
                -0.03617184981703758,
                -0.8564415574073792,
                0.5149752497673035,
                0.37061259150505066
            ],
            [
                0.0,
                0.0,
                0.0,
                1.0
            ]
        ],
        [
            [
                0.9987463355064392,
                -0.016355330124497414,
                -0.047310587018728256,
                -0.024848487228155136
            ],
            [
                0.02894790656864643,
                -0.5823507905006409,
                0.8124220371246338,
                -0.017538562417030334
            ],
            [
                -0.040838781744241714,
                -0.8127730488777161,
                -0.5811472535133362,
                0.44210824370384216
            ],
            [
                0.0,
                0.0,
                0.0,
                1.0
            ]
        ],
        [
            [
                0.9994237422943115,
                0.004078750964254141,
                0.03369734436273575,
                -0.027616288512945175
            ],
            [
                -0.030534211546182632,
                0.5416540503501892,
                0.840046763420105,
                0.0314970538020134
            ],
            [
                -0.01482596155256033,
                -0.840591549873352,
                0.541466474533081,
                0.39154720306396484
            ],
            [
                0.0,
                0.0,
                0.0,
                1.0
            ]
        ],
        [
            [
                0.9996680617332458,
                -0.013300515711307526,
                -0.02206358127295971,
                -0.025149449706077576
            ],
            [
                0.004581339657306671,
                -0.7509938478469849,
                0.6602932810783386,
                0.022527731955051422
            ],
            [
                -0.02535184472799301,
                -0.6601752042770386,
                -0.7506836652755737,
                0.4754294157028198
            ],
            [
                0.0,
                0.0,
                0.0,
                1.0
            ]
        ],
        [
            [
                0.9995737671852112,
                -0.019611909985542297,
                0.021627843379974365,
                -0.0281289741396904
            ],
            [
                -0.01078168023377657,
                0.4404643476009369,
                0.8977053165435791,
                0.01931072771549225
            ],
            [
                -0.02713201195001602,
                -0.8975558876991272,
                0.4400651156902313,
                0.3809587061405182
            ],
            [
                0.0,
                0.0,
                0.0,
                1.0
            ]
        ],
        [
            [
                0.9993799924850464,
                -0.000715132337063551,
                0.03519992530345917,
                -0.02694305032491684
            ],
            [
                -0.031115736812353134,
                0.4498478174209595,
                0.892562985420227,
                0.019874267280101776
            ],
            [
                -0.016472909599542618,
                -0.8931049108505249,
                0.4495466947555542,
                0.40078890323638916
            ],
            [
                0.0,
                0.0,
                0.0,
                1.0
            ]
        ],
        [
            [
                0.9989827275276184,
                -0.009822113439440727,
                0.04401169344782829,
                -0.028577815741300583
            ],
            [
                -0.029556645080447197,
                0.5944969058036804,
                0.8035544753074646,
                0.03702714294195175
            ],
            [
                -0.03405741974711418,
                -0.804037868976593,
                0.5936018228530884,
                0.36523255705833435
            ],
            [
                0.0,
                0.0,
                0.0,
                1.0
            ]
        ],
        [
            [
                0.9995686411857605,
                -0.023482071235775948,
                0.017634613439440727,
                -0.0270349383354187
            ],
            [
                -0.007759744301438332,
                0.36795884370803833,
                0.9298096895217896,
                0.008284173905849457
            ],
            [
                -0.028322670608758926,
                -0.9295454621315002,
                0.36761796474456787,
                0.3956694006919861
            ],
            [
                0.0,
                0.0,
                0.0,
                1.0
            ]
        ],
        [
            [
                0.9995445609092712,
                0.015599314123392105,
                0.025830354541540146,
                -0.030097946524620056
            ],
            [
                -0.000697917421348393,
                0.8677334189414978,
                -0.49702930450439453,
                0.09382651746273041
            ],
            [
                -0.03016718663275242,
                0.49678489565849304,
                0.8673492074012756,
                0.40163058042526245
            ],
            [
                0.0,
                0.0,
                0.0,
                1.0
            ]
        ]
    ],
    "width": 0.1235,
    "depth": 0.02,
    "score": 0.7873464822769165
}