{
    "transform": [
        [
            [
                0.31609123945236206,
                0.9478701949119568,
                -0.04035633057355881,
                0.045967090874910355
            ],
            [
                -0.5134808421134949,
                0.20669181644916534,
                0.8328360915184021,
                0.06091487780213356
            ],
            [
                0.797761857509613,
                -0.2425300031900406,
                0.552046537399292,
                0.5025366544723511
            ],
            [
                0.0,
                0.0,
                0.0,
                1.0
            ]
        ],
        [
            [
                0.9851720929145813,
                0.094558484852314,
                -0.14315913617610931,
                0.08395180851221085
            ],
            [
                0.014676343649625778,
                0.784907341003418,
                0.6194391846656799,
                0.08967974036931992
            ],
            [
                0.17093990743160248,
                -0.6123552322387695,
                0.771881103515625,
                0.4731544852256775
            ],
            [
                0.0,
                0.0,
                0.0,
                1.0
            ]
        ],
        [
            [
                -0.8620432019233704,
                0.4953778088092804,
                0.10715588927268982,
                -0.018253358080983162
            ],
            [
                -0.28340810537338257,
                -0.646414041519165,
                0.7083988189697266,
                0.07891197502613068
            ],
            [
                0.42019209265708923,
                0.5803015232086182,
                0.6976308822631836,
                0.4871498942375183
            ],
            [
                0.0,
                0.0,
                0.0,
                1.0
            ]
        ],
        [
            [
                0.9396024942398071,
                0.17674590647220612,
                -0.293100506067276,
                0.08515223860740662
            ],
            [
                0.028032148256897926,
                0.8137329816818237,
                0.5805622935295105,
                0.0743081346154213
            ],
            [
                0.3411175608634949,
                -0.5537140369415283,
                0.7596310973167419,
                0.4682857096195221
            ],
            [
                0.0,
                0.0,
                0.0,
                1.0
            ]
        ],
        [
            [
                0.9885489344596863,
                0.060340333729982376,
                -0.13831102848052979,
                0.08614650368690491
            ],
            [
                0.033164460211992264,
                0.8072863817214966,
                0.5892272591590881,
                0.08716437965631485
            ],
            [
                0.14721077680587769,
                -0.5870669484138489,
                0.7960410118103027,
                0.4652937054634094
            ],
            [
                0.0,
                0.0,
                0.0,
                1.0
            ]
        ],
        [
            [
                0.6197082996368408,
                0.7664296627044678,
                -0.16895897686481476,
                0.06595907360315323
            ],
            [
                -0.4318428933620453,
                0.5127515196800232,
                0.7420225739479065,
                0.06108785793185234
            ],
            [
                0.655342161655426,
                -0.3868738114833832,
                0.6487335562705994,
                0.490584135055542
            ],
            [
                0.0,
                0.0,
                0.0,
                1.0
            ]
        ],
        [
            [
                -0.5658313035964966,
                0.821388840675354,
                0.07180175185203552,
                -0.004870863631367683
            ],
            [
                -0.3280167877674103,
                -0.3041430115699768,
                0.8943724632263184,
                0.05682173743844032
            ],
            [
                0.756465494632721,
                0.4825117588043213,
                0.44152289628982544,
                0.4910913407802582
            ],
            [
                0.0,
                0.0,
                0.0,
                1.0
            ]
        ],
        [
            [
                0.7415335178375244,
                0.6300901770591736,
                -0.23046551644802094,
                0.07138711959123611
            ],
            [
                -0.32831162214279175,
                0.6403576135635376,
                0.6943727731704712,
                0.0649404525756836
            ],
            [
                0.5850977897644043,
                -0.4392361640930176,
                0.6817126274108887,
                0.487042635679245
            ],
            [
                0.0,
                0.0,
                0.0,
                1.0
            ]
        ],
        [
            [
                -0.9287954568862915,
                0.26385417580604553,
                0.26023074984550476,
                -0.02734156884253025
            ],
            [
                -0.045392222702503204,
                -0.7779114246368408,
                0.6267324686050415,
                0.07943832129240036
            ],
            [
                0.36780238151550293,
                0.5702938437461853,
                0.7344974875450134,
                0.46810832619667053
            ],
            [
                0.0,
                0.0,
                0.0,
                1.0
            ]
        ],
        [
            [
                0.06107957288622856,
                0.9981029629707336,
                0.00773666612803936,
                0.03149772807955742
            ],
            [
                -0.5218111276626587,
                0.02532310225069523,
                0.8526851534843445,
                0.054149217903614044
            ],
            [
                0.8508715629577637,
                -0.05611872300505638,
                0.5223679542541504,
                0.5014217495918274
            ],
            [
                0.0,
                0.0,
                0.0,
                1.0
            ]
        ],
        [
            [
                0.9451562762260437,
                0.2652897238731384,
                -0.1905280500650406,
                0.08191881328821182
            ],
            [
                -0.05780583247542381,
                0.709993839263916,
                0.7018312215805054,
                0.07876115292310715
            ],
            [
                0.3214624226093292,
                -0.6523265838623047,
                0.6863904595375061,
                0.4764944314956665
            ],
            [
                0.0,
                0.0,
                0.0,
                1.0
            ]
        ],
        [
            [
                -0.16233853995800018,
                0.9867005348205566,
                -0.008246086537837982,
                0.014882980845868587
            ],
            [
                -0.4964892268180847,
                -0.07445800304412842,
                0.8648435473442078,
                0.05511729419231415
            ],
            [
                0.8527277112007141,
                0.1444915384054184,
                0.5019736289978027,
                0.5001783967018127
            ],
            [
                0.0,
                0.0,
                0.0,
                1.0
            ]
        ],
        [
            [
                0.9967809915542603,
                -0.07943078130483627,
                -0.010887343436479568,
                0.08453809469938278
            ],
            [
                0.07163218408823013,
                0.8213480710983276,
                0.5659118890762329,
                0.1047775074839592
            ],
            [
                -0.03600851818919182,
                -0.5648700594902039,
                0.8243938684463501,
                0.45934051275253296
            ],
            [
                0.0,
                0.0,
                0.0,
                1.0
            ]
        ],
        [
            [
                -0.015671629458665848,
                0.9997550845146179,
                0.015619281679391861,
                0.026523832231760025
            ],
            [
                -0.5018831491470337,
                -0.021376101300120354,
                0.8646712303161621,
                0.054148055613040924
            ],
            [
                0.8647933602333069,
                0.005711752455681562,
                0.5020952820777893,
                0.501410961151123
            ],
            [
                0.0,
                0.0,
                0.0,
                1.0
            ]
        ],
        [
            [
                0.8069729804992676,
                0.5271273255348206,
                -0.2663293778896332,
                0.0764680951833725
            ],
            [
                -0.24371957778930664,
                0.7079983949661255,
                0.6628265380859375,
                0.06743466854095459
            ],
            [
                0.5379547476768494,
                -0.4699733853340149,
                0.6998068690299988,
                0.48185521364212036
            ],
            [
                0.0,
                0.0,
                0.0,
                1.0
            ]
        ],
        [
            [
                0.9938941597938538,
                -0.1102515235543251,
                -0.004347451496869326,
                0.08406265825033188
            ],
            [
                0.09399110823869705,
                0.8253567218780518,
                0.5567331910133362,
                0.10606972128152847
            ],
            [
                -0.05779249593615532,
                -0.553742527961731,
                0.8306799530982971,
                0.45403844118118286
            ],
            [
                0.0,
                0.0,
                0.0,
                1.0
            ]
        ],
        [
            [
                -0.9985503554344177,
                -0.00912441872060299,
                0.053046565502882004,
                -0.027699531987309456
            ],
            [
                0.042647089809179306,
                -0.7353938221931458,
                0.6762967109680176,
                0.09970953315496445
            ],
            [
                0.03283930942416191,
                0.6775786280632019,
                0.7347168922424316,
                0.45699194073677063
            ],
            [
                0.0,
                0.0,
                0.0,
                1.0
            ]
        ],
        [
            [
                0.964104413986206,
                0.19484475255012512,
                -0.18038341403007507,
                0.08351020514965057
            ],
            [
                -0.018970351666212082,
                0.7281599044799805,
                0.6851446628570557,
                0.08245905488729477
            ],
            [
                0.2648448348045349,
                -0.6571290493011475,
                0.705718457698822,
                0.47360724210739136
            ],
            [
                0.0,
                0.0,
                0.0,
                1.0
            ]
        ],
        [
            [
                -0.9330325722694397,
                0.3434395492076874,
                0.1072356104850769,
                -0.024239229038357735
            ],
            [
                -0.1983003169298172,
                -0.739564836025238,
                0.643211305141449,
                0.08693740516901016
            ],
            [
                0.30021190643310547,
                0.5788722634315491,
                0.7581422924995422,
                0.47814518213272095
            ],
            [
                0.0,
                0.0,
                0.0,
                1.0
            ]
        ],
        [
            [
                -0.803026556968689,
                0.5859941244125366,
                0.10843997448682785,
                -0.016151605173945427
            ],
            [
                -0.27190646529197693,
                -0.5221933722496033,
                0.8083197474479675,
                0.07482918351888657
            ],
            [
                0.5302973389625549,
                0.619616687297821,
                0.5786707401275635,
                0.48853224515914917
            ],
            [
                0.0,
                0.0,
                0.0,
                1.0
            ]
        ],
        [
            [
                0.8555698990821838,
                -0.5136181116104126,
                -0.0647817924618721,
                0.07864421606063843
            ],
            [
                0.48867470026016235,
                0.7599692940711975,
                0.42853686213493347,
                0.1086624264717102
            ],
            [
                -0.17087210714817047,
                -0.3983004689216614,
                0.9011989235877991,
                0.4324955344200134
            ],
            [
                0.0,
                0.0,
                0.0,
                1.0
            ]
        ],
        [
            [
                0.38626453280448914,
                0.9190012812614441,
                -0.0789702758193016,
                0.051000628620386124
            ],
            [
                -0.4647716283798218,
                0.26786789298057556,
                0.8439396023750305,
                0.05593124404549599
            ],
            [
                0.7967352271080017,
                -0.28928080201148987,
                0.5305935740470886,
                0.4976125955581665
            ],
            [
                0.0,
                0.0,
                0.0,
                1.0
            ]
        ],
        [
            [
                -0.9907792806625366,
                0.07955410331487656,
                0.10967069864273071,
                -0.028960293158888817
            ],
            [
                -0.004885139875113964,
                -0.829910159111023,
                0.5578758120536804,
                0.08788928389549255
            ],
            [
                0.13539816439151764,
                0.5521960258483887,
                0.8226463198661804,
                0.4610275626182556
            ],
            [
                0.0,
                0.0,
                0.0,
                1.0
            ]
        ],
        [
            [
                0.15581052005290985,
                0.987768828868866,
                -0.0059815989807248116,
                0.035793617367744446
            ],
            [
                -0.4890199303627014,
                0.0823965072631836,
                0.8683722019195557,
                0.05175852030515671
            ],
            [
                0.8582438826560974,
                -0.13237640261650085,
                0.49587690830230713,
                0.49967893958091736
            ],
            [
                0.0,
                0.0,
                0.0,
                1.0
            ]
        ],
        [
            [
                -0.8691185712814331,
                0.4257408380508423,
                0.25174930691719055,
                -0.021108129993081093
            ],
            [
                -0.1112428829073906,
                -0.664211094379425,
                0.7392216324806213,
                0.06965068727731705
            ],
            [
                0.48193153738975525,
                0.6144659519195557,
                0.6246387958526611,
                0.47883790731430054
            ],
            [
                0.0,
                0.0,
                0.0,
                1.0
            ]
        ],
        [
            [
                -0.8519389629364014,
                0.49636104702949524,
                0.16681011021137238,
                -0.019186431542038918
            ],
            [
                -0.20933897793293,
                -0.6148357391357422,
                0.7603644728660583,
                0.07354152202606201
            ],
            [
                0.4799761474132538,
                0.6128642559051514,
                0.6277102828025818,
                0.48360475897789
            ],
            [
                0.0,
                0.0,
                0.0,
                1.0
            ]
        ],
        [
            [
                0.49025607109069824,
                0.8643574118614197,
                -0.11196071654558182,
                0.06149379163980484
            ],
            [
                -0.4831008017063141,
                0.3764078617095947,
                0.7905256152153015,
                0.06040008366107941
            ],
            [
                0.7254395484924316,
                -0.3334716558456421,
                0.6021080613136292,
                0.4938006103038788
            ],
            [
                0.0,
                0.0,
                0.0,
                1.0
            ]
        ],
        [
            [
                -0.9953633546829224,
                0.08843186497688293,
                0.03783775120973587,
                -0.027208546176552773
            ],
            [
                -0.04813090339303017,
                -0.7985007762908936,
                0.6000665426254272,
                0.09804479032754898
            ],
            [
                0.08327850699424744,
                0.5954630970954895,
                0.7990546226501465,
                0.46583083271980286
            ],
            [
                0.0,
                0.0,
                0.0,
                1.0
            ]
        ],
        [
            [
                0.8765360713005066,
                -0.4792277216911316,
                -0.045002590864896774,
                0.0818028524518013
            ],
            [
                0.4468733072280884,
                0.7754723429679871,
                0.4460344910621643,
                0.10489088296890259
            ],
            [
                -0.178853839635849,
                -0.41107577085494995,
                0.8938836455345154,
                0.43663477897644043
            ],
            [
                0.0,
                0.0,
                0.0,
                1.0
            ]
        ],
        [
            [
                -0.7612321376800537,
                0.6394174098968506,
                0.10803250968456268,
                -0.013024339452385902
            ],
            [
                -0.2883482575416565,
                -0.48297232389450073,
                0.82679682970047,
                0.0748833566904068
            ],
            [
                0.5808449983596802,
                0.5982333421707153,
                0.5520289540290833,
                0.49242860078811646
            ],
            [
                0.0,
                0.0,
                0.0,
                1.0
            ]
        ]
    ],
    "width": 0.1235,
    "depth": 0.02,
    "score": 0.7442764639854431
}