{
    "transform": [
        [
            [
                0.9964050054550171,
                -0.058390211313962936,
                -0.061381831765174866,
                -0.015073907561600208
            ],
            [
                0.08382384479045868,
                0.5745106339454651,
                0.8141934871673584,
                0.12105165421962738
            ],
            [
                -0.012276415713131428,
                -0.8164117336273193,
                0.5773397088050842,
                0.42743951082229614
            ],
            [
                0.0,
                0.0,
                0.0,
                1.0
            ]
        ],
        [
            [
                0.9874496459960938,
                -0.049227964133024216,
                -0.15006610751152039,
                -0.013699562288820744
            ],
            [
                0.1574392467737198,
                0.3819921314716339,
                0.9106563925743103,
                0.13830919563770294
            ],
            [
                0.012494310736656189,
                -0.9228535890579224,
                0.38494840264320374,
                0.4009994566440582
            ],
            [
                0.0,
                0.0,
                0.0,
                1.0
            ]
        ],
        [
            [
                0.9903412461280823,
                -0.07325620949268341,
                -0.11771894991397858,
                -0.016108104959130287
            ],
            [
                0.13864947855472565,
                0.5277736186981201,
                0.8379923701286316,
                0.14003868401050568
            ],
            [
                0.0007408175151795149,
                -0.846220076084137,
                0.5328329205513,
                0.40601372718811035
            ],
            [
                0.0,
                0.0,
                0.0,
                1.0
            ]
        ],
        [
            [
                -0.9932222962379456,
                0.10420163720846176,
                0.05149223655462265,
                0.01453842967748642
            ],
            [
                -0.015309522859752178,
                -0.5564457178115845,
                0.8307428359985352,
                0.15594394505023956
            ],
            [
                0.11521740257740021,
                0.8243239521980286,
                0.5542696118354797,
                0.39976274967193604
            ],
            [
                0.0,
                0.0,
                0.0,
                1.0
            ]
        ],
        [
            [
                0.9978951811790466,
                0.04011405259370804,
                -0.050951920449733734,
                -0.011336049996316433
            ],
            [
                0.02150958962738514,
                0.5364843606948853,
                0.8436360359191895,
                0.0958327054977417
            ],
            [
                0.06117657572031021,
                -0.8429563045501709,
                0.5344923138618469,
                0.4675605595111847
            ],
            [
                0.0,
                0.0,
                0.0,
                1.0
            ]
        ],
        [
            [
                0.991412878036499,
                -0.05410633236169815,
                -0.11905060708522797,
                -0.012032263912260532
            ],
            [
                0.1292765587568283,
                0.5426711440086365,
                0.8299371600151062,
                0.13412563502788544
            ],
            [
                0.01970045641064644,
                -0.8382008671760559,
                0.5450057983398438,
                0.4043731987476349
            ],
            [
                0.0,
                0.0,
                0.0,
                1.0
            ]
        ],
        [
            [
                -0.9819254875183105,
                0.053394898772239685,
                0.18158003687858582,
                0.01771054044365883
            ],
            [
                0.09587117284536362,
                -0.6868783235549927,
                0.720421314239502,
                0.1478699892759323
            ],
            [
                0.16319023072719574,
                0.7248083353042603,
                0.6693443059921265,
                0.4017636477947235
            ],
            [
                0.0,
                0.0,
                0.0,
                1.0
            ]
        ],
        [
            [
                -0.9854224324226379,
                -0.06051759421825409,
                0.15899807214736938,
                0.009029766544699669
            ],
            [
                0.16642417013645172,
                -0.5368071794509888,
                0.8271282315254211,
                0.10634120553731918
            ],
            [
                0.035295505076646805,
                0.8415318131446838,
                0.5390533208847046,
                0.45520055294036865
            ],
            [
                0.0,
                0.0,
                0.0,
                1.0
            ]
        ],
        [
            [
                0.9957796335220337,
                -0.07499449700117111,
                -0.052901554852724075,
                -0.016775159165263176
            ],
            [
                0.08977615833282471,
                0.6763123273849487,
                0.7311236262321472,
                0.12953008711338043
            ],
            [
                -0.019052281975746155,
                -0.7327873110771179,
                0.6801908612251282,
                0.42282721400260925
            ],
            [
                0.0,
                0.0,
                0.0,
                1.0
            ]
        ],
        [
            [
                0.996353030204773,
                -0.05983307212591171,
                -0.06083283945918083,
                -0.016223007813096046
            ],
            [
                0.0844520553946495,
                0.5896924734115601,
                0.8032002449035645,
                0.11927632242441177
            ],
            [
                -0.012185272760689259,
                -0.8054084181785583,
                0.5925949215888977,
                0.432963490486145
            ],
            [
                0.0,
                0.0,
                0.0,
                1.0
            ]
        ],
        [
            [
                -0.976272702217102,
                -0.005953844171017408,
                0.21646292507648468,
                0.009943072684109211
            ],
            [
                0.20284169912338257,
                -0.37509286403656006,
                0.9045222997665405,
                0.09157286584377289
            ],
            [
                0.0758083164691925,
                0.9269681572914124,
                0.367400586605072,
                0.4748602509498596
            ],
            [
                0.0,
                0.0,
                0.0,
                1.0
            ]
        ],
        [
            [
                -0.9783520102500916,
                -0.09853104501962662,
                0.18198604881763458,
                0.01180295180529356
            ],
            [
                0.19872528314590454,
                -0.6927172541618347,
                0.6932898759841919,
                0.11801911890506744
            ],
            [
                0.05775432288646698,
                0.7144467830657959,
                0.697301983833313,
                0.4283999502658844
            ],
            [
                0.0,
                0.0,
                0.0,
                1.0
            ]
        ],
        [
            [
                -0.9953951239585876,
                0.090957410633564,
                -0.030253026634454727,
                0.009982052259147167
            ],
            [
                -0.06580343097448349,
                -0.4188980460166931,
                0.9056457877159119,
                0.15535911917686462
            ],
            [
                0.06970226019620895,
                0.9034661650657654,
                0.42295441031455994,
                0.3938136696815491
            ],
            [
                0.0,
                0.0,
                0.0,
                1.0
            ]
        ],
        [
            [
                -0.9876102209091187,
                0.10847244411706924,
                0.11340101063251495,
                0.01530525553971529
            ],
            [
                0.02563217654824257,
                -0.6014255881309509,
                0.798517644405365,
                0.14997829496860504
            ],
            [
                0.15481939911842346,
                0.7915309071540833,
                0.591193675994873,
                0.3967996835708618
            ],
            [
                0.0,
                0.0,
                0.0,
                1.0
            ]
        ],
        [
            [
                0.997593104839325,
                0.06253877282142639,
                0.029948649927973747,
                -0.009967977181077003
            ],
            [
                -0.06103711947798729,
                0.5870715975761414,
                0.8072306513786316,
                0.1542733609676361
            ],
            [
                0.03290121629834175,
                -0.8071156740188599,
                0.5894757509231567,
                0.39325839281082153
            ],
            [
                0.0,
                0.0,
                0.0,
                1.0
            ]
        ],
        [
            [
                0.9970331192016602,
                -0.06349746137857437,
                -0.043509215116500854,
                -0.01716788485646248
            ],
            [
                0.07469657808542252,
                0.6616655588150024,
                0.7460690140724182,
                0.1350111961364746
            ],
            [
                -0.018584944307804108,
                -0.7471055388450623,
                0.6644455194473267,
                0.42103078961372375
            ],
            [
                0.0,
                0.0,
                0.0,
                1.0
            ]
        ],
        [
            [
                -0.9835487008094788,
                -0.09809214621782303,
                0.1516898274421692,
                0.01211986131966114
            ],
            [
                0.17157870531082153,
                -0.7699407339096069,
                0.614615261554718,
                0.12212015688419342
            ],
            [
                0.05650322511792183,
                0.6305307745933533,
                0.7741047739982605,
                0.42298316955566406
            ],
            [
                0.0,
                0.0,
                0.0,
                1.0
            ]
        ],
        [
            [
                -0.984909176826477,
                -0.04398037865757942,
                0.16739073395729065,
                0.01664811559021473
            ],
            [
                0.15376752614974976,
                -0.6662536859512329,
                0.7296996712684631,
                0.13178597390651703
            ],
            [
                0.07943222671747208,
                0.7444271445274353,
                0.6629621386528015,
                0.41962501406669617
            ],
            [
                0.0,
                0.0,
                0.0,
                1.0
            ]
        ],
        [
            [
                0.9948796629905701,
                -0.08516086637973785,
                -0.054425302892923355,
                -0.011884922161698341
            ],
            [
                0.09249438345432281,
                0.5501596927642822,
                0.8299211263656616,
                0.10893552750349045
            ],
            [
                -0.040734194219112396,
                -0.8307057023048401,
                0.5552195906639099,
                0.44934913516044617
            ],
            [
                0.0,
                0.0,
                0.0,
                1.0
            ]
        ],
        [
            [
                -0.9885334968566895,
                -0.0808357298374176,
                0.12754280865192413,
                0.011275006458163261
            ],
            [
                0.15100190043449402,
                -0.5286858081817627,
                0.8352782726287842,
                0.11323029547929764
            ],
            [
                -9.024909377330914e-05,
                0.8449597954750061,
                0.5348299741744995,
                0.4448235034942627
            ],
            [
                0.0,
                0.0,
                0.0,
                1.0
            ]
        ],
        [
            [
                0.9910844564437866,
                0.12887349724769592,
                0.0338122583925724,
                -0.01630927063524723
            ],
            [
                -0.08946122229099274,
                0.45561882853507996,
                0.8856682777404785,
                0.09942517429590225
            ],
            [
                0.09873364865779877,
                -0.8807969689369202,
                0.4630858898162842,
                0.4773881435394287
            ],
            [
                0.0,
                0.0,
                0.0,
                1.0
            ]
        ],
        [
            [
                0.9925572276115417,
                -0.102162204682827,
                -0.06628002226352692,
                -0.015503845177590847
            ],
            [
                0.11659960448741913,
                0.640212893486023,
                0.7592970132827759,
                0.11675304174423218
            ],
            [
                -0.03513813391327858,
                -0.7613739371299744,
                0.6473600268363953,
                0.439630925655365
            ],
            [
                0.0,
                0.0,
                0.0,
                1.0
            ]
        ],
        [
            [
                -0.9835179448127747,
                -0.05174636468291283,
                0.17324776947498322,
                0.013931071385741234
            ],
            [
                0.17568610608577728,
                -0.499999463558197,
                0.8480182886123657,
                0.11720282584428787
            ],
            [
                0.04274193197488785,
                0.8644784092903137,
                0.5008495450019836,
                0.43589842319488525
            ],
            [
                0.0,
                0.0,
                0.0,
                1.0
            ]
        ],
        [
            [
                0.9976966977119446,
                -0.00975293293595314,
                -0.0671268105506897,
                -0.01533797848969698
            ],
            [
                0.06161758303642273,
                0.5440869331359863,
                0.8367631435394287,
                0.14635524153709412
            ],
            [
                0.028361918404698372,
                -0.8389720320701599,
                0.5434347987174988,
                0.39764806628227234
            ],
            [
                0.0,
                0.0,
                0.0,
                1.0
            ]
        ],
        [
            [
                -0.9949390888214111,
                0.06780398637056351,
                0.07415329664945602,
                0.00990139227360487
            ],
            [
                0.04250078648328781,
                -0.3847411870956421,
                0.9220454692840576,
                0.09848412871360779
            ],
            [
                0.09104818105697632,
                0.9205306768417358,
                0.3799123764038086,
                0.4728696942329407
            ],
            [
                0.0,
                0.0,
                0.0,
                1.0
            ]
        ],
        [
            [
                0.9998603463172913,
                0.01246491726487875,
                -0.011124507524073124,
                -0.012184442952275276
            ],
            [
                0.0025174554903060198,
                0.5458455681800842,
                0.8378819823265076,
                0.10508155822753906
            ],
            [
                0.016516393050551414,
                -0.8377929925918579,
                0.5457380414009094,
                0.4606734812259674
            ],
            [
                0.0,
                0.0,
                0.0,
                1.0
            ]
        ],
        [
            [
                -0.9817657470703125,
                -0.06267248094081879,
                0.17946627736091614,
                0.01450603548437357
            ],
            [
                0.16621136665344238,
                -0.7411560416221619,
                0.6504318118095398,
                0.13280917704105377
            ],
            [
                0.09224830567836761,
                0.6684010028839111,
                0.7380585074424744,
                0.4113367795944214
            ],
            [
                0.0,
                0.0,
                0.0,
                1.0
            ]
        ],
        [
            [
                -0.9768915772438049,
                -0.04824896156787872,
                0.20821833610534668,
                0.01717860996723175
            ],
            [
                0.18298791348934174,
                -0.6922024488449097,
                0.6981197595596313,
                0.13832083344459534
            ],
            [
                0.11044566333293915,
                0.7200887203216553,
                0.6850357055664062,
                0.4102071523666382
            ],
            [
                0.0,
                0.0,
                0.0,
                1.0
            ]
        ],
        [
            [
                0.9996166229248047,
                0.01708078198134899,
                0.021795684471726418,
                -0.013596021570265293
            ],
            [
                -0.027690453454852104,
                0.6224581003189087,
                0.7821632027626038,
                0.15480557084083557
            ],
            [
                -0.00020692592079285532,
                -0.7824668884277344,
                0.6226922869682312,
                0.39796870946884155
            ],
            [
                0.0,
                0.0,
                0.0,
                1.0
            ]
        ],
        [
            [
                0.9991234540939331,
                -0.037645451724529266,
                -0.01830752193927765,
                -0.01629377156496048
            ],
            [
                0.03846912831068039,
                0.6532508134841919,
                0.7561637163162231,
                0.14527331292629242
            ],
            [
                -0.01650671474635601,
                -0.7562052011489868,
                0.6541264057159424,
                0.41069355607032776
            ],
            [
                0.0,
                0.0,
                0.0,
                1.0
            ]
        ]
    ],
    "width": 0.1235,
    "depth": 0.02,
    "score": 0.7376044988632202
}