{
    "transform": [
        [
            [
                -0.26790913939476013,
                0.9623937010765076,
                -0.04497454687952995,
                0.004820801317691803
            ],
            [
                -0.7581803798675537,
                -0.18179762363433838,
                0.6261884570121765,
                0.10894051194190979
            ],
            [
                0.5944636464118958,
                0.2018604278564453,
                0.7783734202384949,
                0.43743953108787537
            ],
            [
                0.0,
                0.0,
                0.0,
                1.0
            ]
        ],
        [
            [
                -0.3263860046863556,
                0.9372930526733398,
                0.1222868263721466,
                0.01647513173520565
            ],
            [
                -0.4789997339248657,
                -0.2755368649959564,
                0.8334499597549438,
                0.09036990255117416
            ],
            [
                0.8148812055587769,
                0.21345102787017822,
                0.538894534111023,
                0.4271295666694641
            ],
            [
                0.0,
                0.0,
                0.0,
                1.0
            ]
        ],
        [
            [
                -0.7979286313056946,
                0.5940941572189331,
                0.10179398953914642,
                0.03185737133026123
            ],
            [
                -0.4577721655368805,
                -0.707163393497467,
                0.5388547778129578,
                0.09458356350660324
            ],
            [
                0.3921155035495758,
                0.38336917757987976,
                0.836225688457489,
                0.44472894072532654
            ],
            [
                0.0,
                0.0,
                0.0,
                1.0
            ]
        ],
        [
            [
                -0.5903438925743103,
                0.7819048762321472,
                0.20029683411121368,
                0.020733945071697235
            ],
            [
                -0.31178227066993713,
                -0.44979408383369446,
                0.836945116519928,
                0.0824572890996933
            ],
            [
                0.7445037364959717,
                0.43163642287254333,
                0.5093172788619995,
                0.4275904893875122
            ],
            [
                0.0,
                0.0,
                0.0,
                1.0
            ]
        ],
        [
            [
                -0.3001980483531952,
                0.9538102746009827,
                -0.011265951208770275,
                -0.001958271022886038
            ],
            [
                -0.8272420763969421,
                -0.2544458210468292,
                0.5009269714355469,
                0.1135697141289711
            ],
            [
                0.47492271661758423,
                0.15969696640968323,
                0.8654162287712097,
                0.44423380494117737
            ],
            [
                0.0,
                0.0,
                0.0,
                1.0
            ]
        ],
        [
            [
                0.26994359493255615,
                0.9588541984558105,
                -0.08791571110486984,
                -0.014079632237553596
            ],
            [
                -0.792602002620697,
                0.27312272787094116,
                0.5451477766036987,
                0.10874343663454056
            ],
            [
                0.5467290282249451,
                -0.07747697830200195,
                0.8337173461914062,
                0.4405468702316284
            ],
            [
                0.0,
                0.0,
                0.0,
                1.0
            ]
        ],
        [
            [
                0.5496257543563843,
                0.8336896300315857,
                0.05360204726457596,
                -0.01972079835832119
            ],
            [
                -0.7599300742149353,
                0.4722839891910553,
                0.4466029107570648,
                0.10894781351089478
            ],
            [
                0.34701287746429443,
                -0.2861982583999634,
                0.8931251764297485,
                0.447366327047348
            ],
            [
                0.0,
                0.0,
                0.0,
                1.0
            ]
        ],
        [
            [
                -0.7376577854156494,
                0.6605192422866821,
                0.13991202414035797,
                0.029861126095056534
            ],
            [
                -0.3125176429748535,
                -0.5177160501480103,
                0.796431303024292,
                0.08620436489582062
            ],
            [
                0.5984929203987122,
                0.5437688231468201,
                0.5883211493492126,
                0.4370320439338684
            ],
            [
                0.0,
                0.0,
                0.0,
                1.0
            ]
        ],
        [
            [
                0.5012555122375488,
                0.8512237071990967,
                -0.15543821454048157,
                -0.018198609352111816
            ],
            [
                -0.6638661026954651,
                0.4935298264026642,
                0.5618808269500732,
                0.1010412648320198
            ],
            [
                0.5549996495246887,
                -0.17845569550991058,
                0.8124831914901733,
                0.43456363677978516
            ],
            [
                0.0,
                0.0,
                0.0,
                1.0
            ]
        ],
        [
            [
                -0.17069987952709198,
                0.9834140539169312,
                0.061306677758693695,
                0.009833482094109058
            ],
            [
                -0.4086882174015045,
                -0.1272803395986557,
                0.9037553668022156,
                0.09223929792642593
            ],
            [
                0.8965687155723572,
                0.12921561300754547,
                0.42363646626472473,
                0.424900084733963
            ],
            [
                0.0,
                0.0,
                0.0,
                1.0
            ]
        ],
        [
            [
                -0.3546949625015259,
                0.9349532127380371,
                0.007342918310314417,
                0.011010183952748775
            ],
            [
                -0.6775593161582947,
                -0.26244285702705383,
                0.6870495676994324,
                0.10530552268028259
            ],
            [
                0.6442863345146179,
                0.23871776461601257,
                0.7265734076499939,
                0.43437570333480835
            ],
            [
                0.0,
                0.0,
                0.0,
                1.0
            ]
        ],
        [
            [
                -0.775080680847168,
                0.5960133075714111,
                0.20980480313301086,
                0.03298453241586685
            ],
            [
                -0.23888429999351501,
                -0.5838025212287903,
                0.7759566903114319,
                0.08148401975631714
            ],
            [
                0.584965169429779,
                0.5513099431991577,
                0.5948722958564758,
                0.4401494860649109
            ],
            [
                0.0,
                0.0,
                0.0,
                1.0
            ]
        ],
        [
            [
                -0.7303141951560974,
                0.6360771656036377,
                0.2490924447774887,
                0.028704456984996796
            ],
            [
                -0.24422255158424377,
                -0.58366459608078,
                0.7743971943855286,
                0.0794086679816246
            ],
            [
                0.6379627585411072,
                0.5047192573547363,
                0.5816029906272888,
                0.43410709500312805
            ],
            [
                0.0,
                0.0,
                0.0,
                1.0
            ]
        ],
        [
            [
                -0.8470960855484009,
                0.5308212041854858,
                0.02563425339758396,
                0.033782873302698135
            ],
            [
                -0.43947702646255493,
                -0.7268166542053223,
                0.5278235077857971,
                0.09587529301643372
            ],
            [
                0.29881125688552856,
                0.4358515739440918,
                0.8489672541618347,
                0.45080262422561646
            ],
            [
                0.0,
                0.0,
                0.0,
                1.0
            ]
        ],
        [
            [
                -0.3001761734485626,
                0.9502236843109131,
                0.08348193764686584,
                0.013276917859911919
            ],
            [
                -0.6134439706802368,
                -0.25932255387306213,
                0.7459479570388794,
                0.09956810623407364
            ],
            [
                0.7304660677909851,
                0.1727043092250824,
                0.660751461982727,
                0.43026697635650635
            ],
            [
                0.0,
                0.0,
                0.0,
                1.0
            ]
        ],
        [
            [
                -0.68402099609375,
                0.7171220183372498,
                0.1336088627576828,
                0.02576007880270481
            ],
            [
                -0.3598293662071228,
                -0.49103209376335144,
                0.793353796005249,
                0.08824434876441956
            ],
            [
                0.6345377564430237,
                0.4945942759513855,
                0.5939177870750427,
                0.4328647553920746
            ],
            [
                0.0,
                0.0,
                0.0,
                1.0
            ]
        ],
        [
            [
                -0.594602108001709,
                0.7762305736541748,
                0.20955778658390045,
                0.024266891181468964
            ],
            [
                -0.6433125138282776,
                -0.6156501770019531,
                0.4551085829734802,
                0.10191196203231812
            ],
            [
                0.48228347301483154,
                0.13579736649990082,
                0.865425705909729,
                0.4403955340385437
            ],
            [
                0.0,
                0.0,
                0.0,
                1.0
            ]
        ],
        [
            [
                -0.8381351828575134,
                0.5341702103614807,
                0.11041521281003952,
                0.03528062626719475
            ],
            [
                -0.23531021177768707,
                -0.5367029309272766,
                0.8102957010269165,
                0.08133428543806076
            ],
            [
                0.492095947265625,
                0.653155505657196,
                0.5755253434181213,
                0.44463393092155457
            ],
            [
                0.0,
                0.0,
                0.0,
                1.0
            ]
        ],
        [
            [
                -0.6356356143951416,
                0.7714108824729919,
                0.029874039813876152,
                0.026204485446214676
            ],
            [
                -0.6874658465385437,
                -0.5832230448722839,
                0.4327140748500824,
                0.10579746961593628
            ],
            [
                0.3512236475944519,
                0.2545110881328583,
                0.9010360240936279,
                0.4486405849456787
            ],
            [
                0.0,
                0.0,
                0.0,
                1.0
            ]
        ],
        [
            [
                0.9630653858184814,
                0.2519686818122864,
                -0.09495767951011658,
                -0.03408779203891754
            ],
            [
                -0.12481343746185303,
                0.730207085609436,
                0.6717286109924316,
                0.0899048000574112
            ],
            [
                0.23859332501888275,
                -0.6350666284561157,
                0.7346861958503723,
                0.44827917218208313
            ],
            [
                0.0,
                0.0,
                0.0,
                1.0
            ]
        ],
        [
            [
                0.870530366897583,
                0.451249897480011,
                -0.19634291529655457,
                -0.02944011427462101
            ],
            [
                -0.1996798813343048,
                0.6885515451431274,
                0.6971547603607178,
                0.08879514038562775
            ],
            [
                0.44978323578834534,
                -0.5676886439323425,
                0.6895104646682739,
                0.4379337728023529
            ],
            [
                0.0,
                0.0,
                0.0,
                1.0
            ]
        ],
        [
            [
                -0.5347273945808411,
                0.8368585109710693,
                0.11719397455453873,
                0.019950466230511665
            ],
            [
                -0.47412481904029846,
                -0.4119245111942291,
                0.778154194355011,
                0.09451888501644135
            ],
            [
                0.699479877948761,
                0.36053577065467834,
                0.6170427799224854,
                0.43102508783340454
            ],
            [
                0.0,
                0.0,
                0.0,
                1.0
            ]
        ],
        [
            [
                0.8962810635566711,
                0.41146859526634216,
                -0.1654505878686905,
                -0.032064810395240784
            ],
            [
                -0.13113680481910706,
                0.6022773385047913,
                0.787442147731781,
                0.0854986310005188
            ],
            [
                0.42365485429763794,
                -0.6840727925300598,
                0.5937684178352356,
                0.44084256887435913
            ],
            [
                0.0,
                0.0,
                0.0,
                1.0
            ]
        ],
        [
            [
                0.8971072435379028,
                0.41878774762153625,
                -0.14076700806617737,
                -0.028210416436195374
            ],
            [
                -0.29306089878082275,
                0.802483320236206,
                0.5197460055351257,
                0.096782386302948
            ],
            [
                0.33062636852264404,
                -0.4250146150588989,
                0.8426439762115479,
                0.4413471221923828
            ],
            [
                0.0,
                0.0,
                0.0,
                1.0
            ]
        ],
        [
            [
                -0.5558695793151855,
                0.8184971809387207,
                0.1451597362756729,
                0.020810002461075783
            ],
            [
                -0.4155850112438202,
                -0.42486658692359924,
                0.8042247891426086,
                0.0889076367020607
            ],
            [
                0.7199292182922363,
                0.38671788573265076,
                0.5763255953788757,
                0.4291590452194214
            ],
            [
                0.0,
                0.0,
                0.0,
                1.0
            ]
        ],
        [
            [
                0.7311574220657349,
                0.6789872646331787,
                -0.06621963530778885,
                -0.024611743167042732
            ],
            [
                -0.5113229751586914,
                0.6096799969673157,
                0.6056724190711975,
                0.09843830019235611
            ],
            [
                0.45161667466163635,
                -0.4089822769165039,
                0.7929538488388062,
                0.4378960132598877
            ],
            [
                0.0,
                0.0,
                0.0,
                1.0
            ]
        ],
        [
            [
                -0.4745117127895355,
                0.8631568551063538,
                0.17262376844882965,
                0.014969905838370323
            ],
            [
                -0.16065911948680878,
                -0.2777378559112549,
                0.9471274018287659,
                0.07952062040567398
            ],
            [
                0.8654636740684509,
                0.4216894507408142,
                0.27046385407447815,
                0.42449039220809937
            ],
            [
                0.0,
                0.0,
                0.0,
                1.0
            ]
        ],
        [
            [
                -0.5234048366546631,
                0.8353513479232788,
                0.1680336594581604,
                0.022955069318413734
            ],
            [
                -0.7044814825057983,
                -0.5351732969284058,
                0.46614933013916016,
                0.10548634082078934
            ],
            [
                0.47932565212249756,
                0.12560822069644928,
                0.8686019778251648,
                0.4431793689727783
            ],
            [
                0.0,
                0.0,
                0.0,
                1.0
            ]
        ],
        [
            [
                -0.41160857677459717,
                0.9109668731689453,
                0.02679290995001793,
                0.01499998103827238
            ],
            [
                -0.73528653383255,
                -0.3493120074272156,
                0.5808054208755493,
                0.10789357870817184
            ],
            [
                0.5384536981582642,
                0.21936403214931488,
                0.8136013150215149,
                0.4390639662742615
            ],
            [
                0.0,
                0.0,
                0.0,
                1.0
            ]
        ],
        [
            [
                0.9351751208305359,
                0.32738688588142395,
                -0.13514924049377441,
                -0.03430022671818733
            ],
            [
                -0.06901519000530243,
                0.5427000522613525,
                0.8370864391326904,
                0.08231329172849655
            ],
            [
                0.3473965525627136,
                -0.773495078086853,
                0.5301142930984497,
                0.4446289539337158
            ],
            [
                0.0,
                0.0,
                0.0,
                1.0
            ]
        ]
    ],
    "width": 0.1235,
    "depth": 0.02,
    "score": 0.18845094740390778
}