{
    "transform": [
        [
            [
                0.8993489146232605,
                0.3432263731956482,
                -0.27086347341537476,
                -0.0282111968845129
            ],
            [
                -0.038812942802906036,
                0.6797212958335876,
                0.7324427366256714,
                0.0989779382944107
            ],
            [
                0.43550533056259155,
                -0.6482085585594177,
                0.6246283054351807,
                0.4491024613380432
            ],
            [
                0.0,
                0.0,
                0.0,
                1.0
            ]
        ],
        [
            [
                -0.8673036098480225,
                0.47273367643356323,
                0.15590748190879822,
                0.022751187905669212
            ],
            [
                -0.39805713295936584,
                -0.8467200398445129,
                0.3530091643333435,
                0.11526252329349518
            ],
            [
                0.29888930916786194,
                0.24410602450370789,
                0.9225385189056396,
                0.45876505970954895
            ],
            [
                0.0,
                0.0,
                0.0,
                1.0
            ]
        ],
        [
            [
                -0.922118067741394,
                0.27912113070487976,
                0.2679359018802643,
                0.025580497458577156
            ],
            [
                0.040089044719934464,
                -0.6198501586914062,
                0.7836953401565552,
                0.09328535944223404
            ],
            [
                0.384826123714447,
                0.7334009408950806,
                0.5603853464126587,
                0.45513224601745605
            ],
            [
                0.0,
                0.0,
                0.0,
                1.0
            ]
        ],
        [
            [
                -0.18784338235855103,
                0.960159957408905,
                0.20690029859542847,
                0.000985191436484456
            ],
            [
                -0.6694295406341553,
                -0.2792995572090149,
                0.6883718967437744,
                0.12166040390729904
            ],
            [
                0.7187342643737793,
                -0.00919906422495842,
                0.6952239871025085,
                0.4469813108444214
            ],
            [
                0.0,
                0.0,
                0.0,
                1.0
            ]
        ],
        [
            [
                -0.9659785032272339,
                0.16635559499263763,
                0.19801822304725647,
                0.02855478785932064
            ],
            [
                -0.026329338550567627,
                -0.8249456286430359,
                0.5645983815193176,
                0.09687378257513046
            ],
            [
                0.2572783827781677,
                0.5401762127876282,
                0.8012598752975464,
                0.4626895785331726
            ],
            [
                0.0,
                0.0,
                0.0,
                1.0
            ]
        ],
        [
            [
                -0.555545449256897,
                0.3590545356273651,
                0.7499660849571228,
                0.011174804531037807
            ],
            [
                -0.38590651750564575,
                -0.9102718234062195,
                0.1499382108449936,
                0.10105019807815552
            ],
            [
                0.7365089654922485,
                -0.20611931383609772,
                0.6442588567733765,
                0.44087034463882446
            ],
            [
                0.0,
                0.0,
                0.0,
                1.0
            ]
        ],
        [
            [
                -0.8187259435653687,
                0.4936789870262146,
                0.2932044267654419,
                0.024492399767041206
            ],
            [
                -0.29464098811149597,
                -0.7995083332061768,
                0.5234242677688599,
                0.10645758360624313
            ],
            [
                0.49282294511795044,
                0.3421509861946106,
                0.8000363111495972,
                0.4535592496395111
            ],
            [
                0.0,
                0.0,
                0.0,
                1.0
            ]
        ],
        [
            [
                0.9208617806434631,
                0.2630791664123535,
                -0.2877551317214966,
                -0.026106558740139008
            ],
            [
                0.058744367212057114,
                0.6359988451004028,
                0.7694509029388428,
                0.09407384693622589
            ],
            [
                0.3854384124279022,
                -0.7254619002342224,
                0.5702125430107117,
                0.4469640254974365
            ],
            [
                0.0,
                0.0,
                0.0,
                1.0
            ]
        ],
        [
            [
                0.9216959476470947,
                0.190341055393219,
                -0.33800405263900757,
                -0.025189515203237534
            ],
            [
                0.17257538437843323,
                0.5791614651679993,
                0.7967368960380554,
                0.08790860325098038
            ],
            [
                0.347410649061203,
                -0.7926803827285767,
                0.5009626746177673,
                0.4481758177280426
            ],
            [
                0.0,
                0.0,
                0.0,
                1.0
            ]
        ],
        [
            [
                -0.876021683216095,
                -0.4595090448856354,
                0.14641499519348145,
                0.018281633034348488
            ],
            [
                0.48168128728866577,
                -0.818635880947113,
                0.3127591609954834,
                0.07972121238708496
            ],
            [
                -0.023855095729231834,
                0.34450918436050415,
                0.9384797811508179,
                0.4607987403869629
            ],
            [
                0.0,
                0.0,
                0.0,
                1.0
            ]
        ],
        [
            [
                -0.627909243106842,
                0.23625211417675018,
                0.7415624856948853,
                0.012170311994850636
            ],
            [
                -0.2618170976638794,
                -0.961402416229248,
                0.08459973335266113,
                0.09443330019712448
            ],
            [
                0.7329268455505371,
                -0.14103278517723083,
                0.6655283570289612,
                0.4417336583137512
            ],
            [
                0.0,
                0.0,
                0.0,
                1.0
            ]
        ],
        [
            [
                -0.9577398300170898,
                -0.23475031554698944,
                0.16621269285678864,
                0.021681925281882286
            ],
            [
                0.2659454941749573,
                -0.9428454637527466,
                0.20078691840171814,
                0.0836949422955513
            ],
            [
                0.10957808792591095,
                0.2365051507949829,
                0.9654315114021301,
                0.45753905177116394
            ],
            [
                0.0,
                0.0,
                0.0,
                1.0
            ]
        ],
        [
            [
                0.9371960759162903,
                0.210346058011055,
                -0.27824094891548157,
                -0.02828400768339634
            ],
            [
                0.12062205374240875,
                0.553037703037262,
                0.8243783116340637,
                0.09179087728261948
            ],
            [
                0.32728248834609985,
                -0.8061661124229431,
                0.49293240904808044,
                0.45026156306266785
            ],
            [
                0.0,
                0.0,
                0.0,
                1.0
            ]
        ],
        [
            [
                -0.5604948401451111,
                0.3182945251464844,
                0.7645483613014221,
                0.007746927440166473
            ],
            [
                -0.2766646146774292,
                -0.9421179294586182,
                0.18939529359340668,
                0.09779633581638336
            ],
            [
                0.780578076839447,
                -0.10536839812994003,
                0.6161131262779236,
                0.43934759497642517
            ],
            [
                0.0,
                0.0,
                0.0,
                1.0
            ]
        ],
        [
            [
                -0.5959389209747314,
                0.7829931378364563,
                0.17826518416404724,
                0.010112890973687172
            ],
            [
                -0.7104293704032898,
                -0.6175534129142761,
                0.33751702308654785,
                0.12639999389648438
            ],
            [
                0.3743617832660675,
                0.07449470460414886,
                0.9242855906486511,
                0.4588218629360199
            ],
            [
                0.0,
                0.0,
                0.0,
                1.0
            ]
        ],
        [
            [
                -0.4945467710494995,
                0.8419113755226135,
                0.21589067578315735,
                0.005995810963213444
            ],
            [
                -0.7257752418518066,
                -0.5366865992546082,
                0.4303693473339081,
                0.1254013329744339
            ],
            [
                0.47819846868515015,
                0.05614966154098511,
                0.8764550685882568,
                0.4533832371234894
            ],
            [
                0.0,
                0.0,
                0.0,
                1.0
            ]
        ],
        [
            [
                0.7843604683876038,
                0.5497550964355469,
                -0.2873116731643677,
                -0.024512624368071556
            ],
            [
                -0.04795732721686363,
                0.5155354142189026,
                0.8555251359939575,
                0.10000269114971161
            ],
            [
                0.6184487342834473,
                -0.6572614312171936,
                0.43073034286499023,
                0.44485512375831604
            ],
            [
                0.0,
                0.0,
                0.0,
                1.0
            ]
        ],
        [
            [
                0.698400616645813,
                0.655384361743927,
                -0.287589967250824,
                -0.022553449496626854
            ],
            [
                -0.3177676200866699,
                0.6439974904060364,
                0.6959102153778076,
                0.109815813601017
            ],
            [
                0.6412959098815918,
                -0.3946373462677002,
                0.6580280661582947,
                0.4448913037776947
            ],
            [
                0.0,
                0.0,
                0.0,
                1.0
            ]
        ],
        [
            [
                0.3074357807636261,
                0.9487645030021667,
                0.07300116866827011,
                -0.0038557443767786026
            ],
            [
                -0.18949498236179352,
                -0.014137914404273033,
                0.9817798733711243,
                0.09686703979969025
            ],
            [
                0.9325100183486938,
                -0.31566759943962097,
                0.17543959617614746,
                0.43733781576156616
            ],
            [
                0.0,
                0.0,
                0.0,
                1.0
            ]
        ],
        [
            [
                0.929231584072113,
                -0.06263362616300583,
                -0.3641507029533386,
                -0.021134275943040848
            ],
            [
                0.23626267910003662,
                0.858451783657074,
                0.45523685216903687,
                0.08502110838890076
            ],
            [
                0.28409263491630554,
                -0.5090556740760803,
                0.8124984502792358,
                0.4459823668003082
            ],
            [
                0.0,
                0.0,
                0.0,
                1.0
            ]
        ],
        [
            [
                -0.676295816898346,
                0.6910221576690674,
                0.2551712095737457,
                0.01605701446533203
            ],
            [
                -0.5925830006599426,
                -0.7161327600479126,
                0.3687807321548462,
                0.12091873586177826
            ],
            [
                0.437572181224823,
                0.09819474071264267,
                0.8938055634498596,
                0.4553167223930359
            ],
            [
                0.0,
                0.0,
                0.0,
                1.0
            ]
        ],
        [
            [
                -0.9474154114723206,
                -0.2148323655128479,
                0.23717299103736877,
                0.018036825582385063
            ],
            [
                0.25583985447883606,
                -0.953700840473175,
                0.15811586380004883,
                0.08115856349468231
            ],
            [
                0.1922236680984497,
                0.2104797065258026,
                0.958513617515564,
                0.45462822914123535
            ],
            [
                0.0,
                0.0,
                0.0,
                1.0
            ]
        ],
        [
            [
                0.9490607976913452,
                0.2680818736553192,
                -0.16557693481445312,
                -0.0322134755551815
            ],
            [
                -0.06836999952793121,
                0.6881725788116455,
                0.7223185300827026,
                0.10216811299324036
            ],
            [
                0.30758601427078247,
                -0.6742037534713745,
                0.6714463829994202,
                0.45672667026519775
            ],
            [
                0.0,
                0.0,
                0.0,
                1.0
            ]
        ],
        [
            [
                0.06525108963251114,
                0.9967750310897827,
                0.046708449721336365,
                -0.007315977476537228
            ],
            [
                -0.5781595706939697,
                -0.00038623239379376173,
                0.8159235715866089,
                0.1170453280210495
            ],
            [
                0.8133103847503662,
                -0.08024483919143677,
                0.5762698650360107,
                0.4425678849220276
            ],
            [
                0.0,
                0.0,
                0.0,
                1.0
            ]
        ],
        [
            [
                -0.4083520174026489,
                0.7904043197631836,
                0.4566286504268646,
                0.008803817443549633
            ],
            [
                -0.5977067947387695,
                -0.6096101999282837,
                0.5206937789916992,
                0.11443953961133957
            ],
            [
                0.6899240016937256,
                -0.060303695499897,
                0.7213656902313232,
                0.44381022453308105
            ],
            [
                0.0,
                0.0,
                0.0,
                1.0
            ]
        ],
        [
            [
                0.7320079803466797,
                0.6481462121009827,
                -0.2099301815032959,
                -0.023139381781220436
            ],
            [
                -0.40499716997146606,
                0.6617501974105835,
                0.6309230327606201,
                0.11371758580207825
            ],
            [
                0.5478516817092896,
                -0.37681955099105835,
                0.7469038963317871,
                0.44673779606819153
            ],
            [
                0.0,
                0.0,
                0.0,
                1.0
            ]
        ],
        [
            [
                -0.7019009590148926,
                0.6199582815170288,
                0.35069477558135986,
                0.0194251649081707
            ],
            [
                -0.454974502325058,
                -0.7690616846084595,
                0.44893479347229004,
                0.11454856395721436
            ],
            [
                0.5480267405509949,
                0.15555058419704437,
                0.8218703269958496,
                0.4519588351249695
            ],
            [
                0.0,
                0.0,
                0.0,
                1.0
            ]
        ],
        [
            [
                0.8005717992782593,
                -0.5663198232650757,
                -0.19587428867816925,
                -0.02789739891886711
            ],
            [
                0.5900356769561768,
                0.6879161596298218,
                0.4226456582546234,
                0.07800251245498657
            ],
            [
                -0.10460751503705978,
                -0.4539310038089752,
                0.8848751187324524,
                0.46877962350845337
            ],
            [
                0.0,
                0.0,
                0.0,
                1.0
            ]
        ],
        [
            [
                -0.49383601546287537,
                0.775894284248352,
                0.392573744058609,
                0.013325845822691917
            ],
            [
                -0.5792027115821838,
                -0.630243718624115,
                0.5170271992683411,
                0.11646750569343567
            ],
            [
                0.6485755443572998,
                0.02794688194990158,
                0.760637104511261,
                0.4478471577167511
            ],
            [
                0.0,
                0.0,
                0.0,
                1.0
            ]
        ],
        [
            [
                -0.5951597690582275,
                0.509134829044342,
                0.6217447519302368,
                0.014655742794275284
            ],
            [
                -0.4263514578342438,
                -0.8558779954910278,
                0.2927408218383789,
                0.10453508049249649
            ],
            [
                0.6811822652816772,
                -0.090854212641716,
                0.7264545559883118,
                0.44328737258911133
            ],
            [
                0.0,
                0.0,
                0.0,
                1.0
            ]
        ]
    ],
    "width": 0.1235,
    "depth": 0.02,
    "score": 0.5520352125167847
}