{
    "transform": [
        [
            [
                -0.10976315289735794,
                0.9886096715927124,
                -0.10297029465436935,
                0.0033150112722069025
            ],
            [
                -0.6745774149894714,
                0.0019917653407901525,
                0.7382014393806458,
                0.09802098572254181
            ],
            [
                0.7299981713294983,
                0.1504887491464615,
                0.6666750907897949,
                0.4297201931476593
            ],
            [
                0.0,
                0.0,
                0.0,
                1.0
            ]
        ],
        [
            [
                0.3638550937175751,
                0.9182166457176208,
                -0.15648476779460907,
                -0.006240773946046829
            ],
            [
                -0.6676703691482544,
                0.3742479979991913,
                0.6435484886169434,
                0.10128365457057953
            ],
            [
                0.6494811177253723,
                -0.1296781599521637,
                0.749238133430481,
                0.43560609221458435
            ],
            [
                0.0,
                0.0,
                0.0,
                1.0
            ]
        ],
        [
            [
                -0.7654430270195007,
                0.2582103908061981,
                0.5894272923469543,
                0.029914820566773415
            ],
            [
                -0.5563828349113464,
                -0.725770890712738,
                -0.4045923054218292,
                0.10139723122119904
            ],
            [
                0.3233192265033722,
                -0.637639582157135,
                0.6991999745368958,
                0.4600798189640045
            ],
            [
                0.0,
                0.0,
                0.0,
                1.0
            ]
        ],
        [
            [
                -0.7394705414772034,
                0.6731172204017639,
                0.009828628972172737,
                0.028612937778234482
            ],
            [
                -0.4232500195503235,
                -0.4762267470359802,
                0.770757794380188,
                0.08297021687030792
            ],
            [
                0.5234909653663635,
                0.5657926797866821,
                0.6370524764060974,
                0.4327230155467987
            ],
            [
                0.0,
                0.0,
                0.0,
                1.0
            ]
        ],
        [
            [
                0.6233987808227539,
                0.7646012902259827,
                -0.163580983877182,
                -0.010012495331466198
            ],
            [
                -0.5024759769439697,
                0.5520408749580383,
                0.665408730506897,
                0.09725566953420639
            ],
            [
                0.5990757346153259,
                -0.33261945843696594,
                0.7283354997634888,
                0.4326351583003998
            ],
            [
                0.0,
                0.0,
                0.0,
                1.0
            ]
        ],
        [
            [
                0.9582386016845703,
                0.2806347608566284,
                -0.054980430752038956,
                -0.025943098589777946
            ],
            [
                -0.20200464129447937,
                0.8003438115119934,
                0.564485490322113,
                0.08761142939329147
            ],
            [
                0.2024175077676773,
                -0.5298054814338684,
                0.8236098885536194,
                0.44416543841362
            ],
            [
                0.0,
                0.0,
                0.0,
                1.0
            ]
        ],
        [
            [
                0.816321611404419,
                0.30104127526283264,
                -0.4929434061050415,
                -0.01808158867061138
            ],
            [
                -0.45545876026153564,
                0.8603447079658508,
                -0.22883276641368866,
                0.10747552663087845
            ],
            [
                0.35521310567855835,
                0.41131651401519775,
                0.8394298553466797,
                0.4557565152645111
            ],
            [
                0.0,
                0.0,
                0.0,
                1.0
            ]
        ],
        [
            [
                -0.6142708659172058,
                0.7516118884086609,
                0.24031440913677216,
                0.02488884888589382
            ],
            [
                -0.4074549376964569,
                -0.5629199743270874,
                0.7190977931022644,
                0.0821729227900505
            ],
            [
                0.6757602691650391,
                0.3438035249710083,
                0.652033269405365,
                0.42611590027809143
            ],
            [
                0.0,
                0.0,
                0.0,
                1.0
            ]
        ],
        [
            [
                0.9890735149383545,
                0.13458466529846191,
                -0.06017109751701355,
                -0.029067492112517357
            ],
            [
                -0.0707007423043251,
                0.7911822199821472,
                0.6074802279472351,
                0.06781817227602005
            ],
            [
                0.12936381995677948,
                -0.5965884327888489,
                0.7920526266098022,
                0.43959736824035645
            ],
            [
                0.0,
                0.0,
                0.0,
                1.0
            ]
        ],
        [
            [
                -0.5936242341995239,
                0.7827722430229187,
                0.18675576150417328,
                0.020944759249687195
            ],
            [
                -0.6609390377998352,
                -0.6066290736198425,
                0.44176989793777466,
                0.10130526125431061
            ],
            [
                0.4590967893600464,
                0.1388111561536789,
                0.8774744868278503,
                0.441983163356781
            ],
            [
                0.0,
                0.0,
                0.0,
                1.0
            ]
        ],
        [
            [
                -0.7890900373458862,
                0.5958791971206665,
                0.14921386539936066,
                0.029869968071579933
            ],
            [
                -0.5179044008255005,
                -0.7759865522384644,
                0.3600274324417114,
                0.09657105803489685
            ],
            [
                0.3303208351135254,
                0.20681554079055786,
                0.9209318161010742,
                0.4517334997653961
            ],
            [
                0.0,
                0.0,
                0.0,
                1.0
            ]
        ],
        [
            [
                0.03525684028863907,
                0.7558078169822693,
                -0.6538435220718384,
                -0.0
            ],
            [
                -0.7752820253372192,
                0.43353167176246643,
                0.45933419466018677,
                0.1055392175912857
            ],
            [
                0.6306302547454834,
                0.49071845412254333,
                0.6012493371963501,
                0.43933361768722534
            ],
            [
                0.0,
                0.0,
                0.0,
                1.0
            ]
        ],
        [
            [
                0.740979790687561,
                0.6475920081138611,
                -0.17768968641757965,
                -0.014385515823960304
            ],
            [
                -0.4478096067905426,
                0.6736931800842285,
                0.5878811478614807,
                0.09637445956468582
            ],
            [
                0.5004153847694397,
                -0.356036901473999,
                0.7891908884048462,
                0.43511390686035156
            ],
            [
                0.0,
                0.0,
                0.0,
                1.0
            ]
        ],
        [
            [
                -0.4177943766117096,
                0.9084882140159607,
                -0.009839949198067188,
                0.014244825579226017
            ],
            [
                -0.656929075717926,
                -0.29459062218666077,
                0.6940175890922546,
                0.09685628861188889
            ],
            [
                0.6276081800460815,
                0.2964208126068115,
                0.7198906540870667,
                0.4308585226535797
            ],
            [
                0.0,
                0.0,
                0.0,
                1.0
            ]
        ],
        [
            [
                0.9687313437461853,
                0.22194679081439972,
                -0.11090102791786194,
                -0.023384055122733116
            ],
            [
                -0.18529416620731354,
                0.9444265365600586,
                0.2715227007865906,
                0.09551794081926346
            ],
            [
                0.16500143706798553,
                -0.2424832433462143,
                0.9560211896896362,
                0.4514615535736084
            ],
            [
                0.0,
                0.0,
                0.0,
                1.0
            ]
        ],
        [
            [
                -0.7444028854370117,
                0.6267808675765991,
                0.23023918271064758,
                0.026816081255674362
            ],
            [
                -0.5572453737258911,
                -0.7731062173843384,
                0.3029593229293823,
                0.10079971700906754
            ],
            [
                0.367888480424881,
                0.09722407907247543,
                0.9247732162475586,
                0.4506094753742218
            ],
            [
                0.0,
                0.0,
                0.0,
                1.0
            ]
        ],
        [
            [
                -0.422910213470459,
                0.9033821821212769,
                0.07104673236608505,
                0.014967907220125198
            ],
            [
                -0.7303460836410522,
                -0.38621461391448975,
                0.5634118318557739,
                0.10235216468572617
            ],
            [
                0.5364155173301697,
                0.186383917927742,
                0.8231157064437866,
                0.4381251633167267
            ],
            [
                0.0,
                0.0,
                0.0,
                1.0
            ]
        ],
        [
            [
                -0.4956246316432953,
                0.8570808172225952,
                0.14060086011886597,
                0.01707153022289276
            ],
            [
                -0.7230793237686157,
                -0.49685850739479065,
                0.479883074760437,
                0.10437101870775223
            ],
            [
                0.4811573624610901,
                0.13617630302906036,
                0.8659928441047668,
                0.4425916075706482
            ],
            [
                0.0,
                0.0,
                0.0,
                1.0
            ]
        ],
        [
            [
                0.08118358254432678,
                0.12175055593252182,
                -0.9892350435256958,
                -0.0
            ],
            [
                -0.7481549978256226,
                0.6632154583930969,
                0.020226703956723213,
                0.11106952279806137
            ],
            [
                0.6585386395454407,
                0.738459050655365,
                0.14493051171302795,
                0.44598832726478577
            ],
            [
                0.0,
                0.0,
                0.0,
                1.0
            ]
        ],
        [
            [
                0.04713188484311104,
                0.9971158504486084,
                -0.05948453024029732,
                -0.0004640074912458658
            ],
            [
                -0.6224063634872437,
                0.075892873108387,
                0.7790061235427856,
                0.08768966048955917
            ],
            [
                0.7812738418579102,
                0.00030752483871765435,
                0.624188244342804,
                0.42104029655456543
            ],
            [
                0.0,
                0.0,
                0.0,
                1.0
            ]
        ],
        [
            [
                0.8909120559692383,
                0.43590500950813293,
                -0.12752480804920197,
                -0.02448607049882412
            ],
            [
                -0.2336164116859436,
                0.6806167364120483,
                0.6943948864936829,
                0.08145608752965927
            ],
            [
                0.3894856870174408,
                -0.5888528823852539,
                0.7082042098045349,
                0.42728191614151
            ],
            [
                0.0,
                0.0,
                0.0,
                1.0
            ]
        ],
        [
            [
                0.9335529208183289,
                0.3259322941303253,
                -0.1491546928882599,
                -0.026041651144623756
            ],
            [
                -0.19186557829380035,
                0.8058804869651794,
                0.5601286888122559,
                0.07811807096004486
            ],
            [
                0.302764892578125,
                -0.49429211020469666,
                0.8148672580718994,
                0.42963993549346924
            ],
            [
                0.0,
                0.0,
                0.0,
                1.0
            ]
        ],
        [
            [
                -0.7008004784584045,
                0.19209939241409302,
                0.6870055198669434,
                0.022153764963150024
            ],
            [
                -0.5729141235351562,
                -0.7253665924072266,
                -0.381592333316803,
                0.1127728745341301
            ],
            [
                0.42502716183662415,
                -0.6610152721405029,
                0.6183937191963196,
                0.4568710923194885
            ],
            [
                0.0,
                0.0,
                0.0,
                1.0
            ]
        ],
        [
            [
                -0.8476741909980774,
                0.49240848422050476,
                0.19743964076042175,
                0.0340128093957901
            ],
            [
                -0.1764095425605774,
                -0.612610399723053,
                0.77044677734375,
                0.07328875362873077
            ],
            [
                0.5003280639648438,
                0.6182576417922974,
                0.6061595678329468,
                0.434693306684494
            ],
            [
                0.0,
                0.0,
                0.0,
                1.0
            ]
        ],
        [
            [
                -0.5804861783981323,
                0.8141352534294128,
                0.014815728180110455,
                0.021246422082185745
            ],
            [
                -0.6778172850608826,
                -0.49321287870407104,
                0.5452564358711243,
                0.10572868585586548
            ],
            [
                0.4512198865413666,
                0.30647146701812744,
                0.8381383419036865,
                0.44834890961647034
            ],
            [
                0.0,
                0.0,
                0.0,
                1.0
            ]
        ],
        [
            [
                0.9720855951309204,
                0.19874560832977295,
                -0.12469860166311264,
                -0.027324048802256584
            ],
            [
                -0.11845248937606812,
                0.8744849562644958,
                0.470366895198822,
                0.07189904898405075
            ],
            [
                0.2025303989648819,
                -0.44246602058410645,
                0.8736161589622498,
                0.4349796772003174
            ],
            [
                0.0,
                0.0,
                0.0,
                1.0
            ]
        ],
        [
            [
                0.3785102069377899,
                0.9230633974075317,
                0.06843806803226471,
                -0.007443390786647797
            ],
            [
                -0.5207933783531189,
                0.15126332640647888,
                0.8401747345924377,
                0.08652179688215256
            ],
            [
                0.7651824355125427,
                -0.3536567986011505,
                0.5379800200462341,
                0.42213332653045654
            ],
            [
                0.0,
                0.0,
                0.0,
                1.0
            ]
        ],
        [
            [
                0.9143675565719604,
                0.38495904207229614,
                -0.1254524141550064,
                -0.02293524704873562
            ],
            [
                -0.2827785313129425,
                0.8289363384246826,
                0.4825977385044098,
                0.09222085028886795
            ],
            [
                0.28977248072624207,
                -0.40579646825790405,
                0.8668107986450195,
                0.4427966773509979
            ],
            [
                0.0,
                0.0,
                0.0,
                1.0
            ]
        ],
        [
            [
                0.9861602187156677,
                0.15904243290424347,
                -0.046835992485284805,
                -0.028062770143151283
            ],
            [
                -0.09685296565294266,
                0.7819021940231323,
                0.6158315539360046,
                0.07353733479976654
            ],
            [
                0.13456451892852783,
                -0.6027723550796509,
                0.7864844799041748,
                0.4390372335910797
            ],
            [
                0.0,
                0.0,
                0.0,
                1.0
            ]
        ],
        [
            [
                0.8069742918014526,
                0.5245788097381592,
                -0.27131062746047974,
                -0.01632128469645977
            ],
            [
                -0.43531444668769836,
                0.8387869596481323,
                0.3270134925842285,
                0.10385357588529587
            ],
            [
                0.3991161584854126,
                -0.14578604698181152,
                0.9052363634109497,
                0.4487859010696411
            ],
            [
                0.0,
                0.0,
                0.0,
                1.0
            ]
        ]
    ],
    "width": 0.1235,
    "depth": 0.02,
    "score": 0.8512496948242188
}