{
    "transform": [
        [
            [
                -0.9655545949935913,
                -0.06451950967311859,
                0.2520744204521179,
                0.04517727345228195
            ],
            [
                0.1510464996099472,
                -0.9278138279914856,
                0.34109583497047424,
                0.002221636474132538
            ],
            [
                0.21187083423137665,
                0.36742162704467773,
                0.905600368976593,
                0.3360152244567871
            ],
            [
                0.0,
                0.0,
                0.0,
                1.0
            ]
        ],
        [
            [
                -0.9702394008636475,
                -0.08038736134767532,
                0.22841480374336243,
                0.04317706823348999
            ],
            [
                0.027562562376260757,
                -0.9738197326660156,
                -0.22564448416233063,
                0.029257915914058685
            ],
            [
                0.2405736893415451,
                -0.21263347566127777,
                0.9470540285110474,
                0.32379233837127686
            ],
            [
                0.0,
                0.0,
                0.0,
                1.0
            ]
        ],
        [
            [
                0.9673759937286377,
                0.07652874290943146,
                -0.2415098398923874,
                0.008094102144241333
            ],
            [
                0.10116016119718552,
                0.7573092579841614,
                0.6451739072799683,
                -0.046430498361587524
            ],
            [
                0.2322719693183899,
                -0.6485569477081299,
                0.7248611450195312,
                0.38655731081962585
            ],
            [
                0.0,
                0.0,
                0.0,
                1.0
            ]
        ],
        [
            [
                -0.9635765552520752,
                0.022575214505195618,
                0.26647821068763733,
                0.040492888540029526
            ],
            [
                -0.18730998039245605,
                -0.7681729793548584,
                -0.6122297048568726,
                0.05966847017407417
            ],
            [
                0.19088008999824524,
                -0.6398441791534424,
                0.7444220185279846,
                0.386771023273468
            ],
            [
                0.0,
                0.0,
                0.0,
                1.0
            ]
        ],
        [
            [
                -0.9630383849143982,
                0.060511521995067596,
                0.26247936487197876,
                0.04023159295320511
            ],
            [
                -0.22025524079799652,
                -0.7378513813018799,
                -0.6380146741867065,
                0.06574906408786774
            ],
            [
                0.15506355464458466,
                -0.6722450852394104,
                0.7239071726799011,
                0.39253923296928406
            ],
            [
                0.0,
                0.0,
                0.0,
                1.0
            ]
        ],
        [
            [
                0.9993221759796143,
                0.011685588397085667,
                -0.0349077433347702,
                0.007596423849463463
            ],
            [
                0.02119906060397625,
                0.5925670266151428,
                0.805242121219635,
                -0.04825538396835327
            ],
            [
                0.03009490855038166,
                -0.8054363131523132,
                0.5919176936149597,
                0.4054703116416931
            ],
            [
                0.0,
                0.0,
                0.0,
                1.0
            ]
        ],
        [
            [
                -0.7524822354316711,
                0.08133610337972641,
                0.653570830821991,
                0.033671263605356216
            ],
            [
                -0.5547093749046326,
                -0.6132453083992004,
                -0.5623412728309631,
                0.08012203127145767
            ],
            [
                0.3550606966018677,
                -0.7856937050819397,
                0.5065740942955017,
                0.386750727891922
            ],
            [
                0.0,
                0.0,
                0.0,
                1.0
            ]
        ],
        [
            [
                0.9975593090057373,
                0.04802139848470688,
                -0.05068762227892876,
                -0.0028254911303520203
            ],
            [
                -0.033639658242464066,
                0.9666761159896851,
                0.2537822723388672,
                0.029665037989616394
            ],
            [
                0.06118538975715637,
                -0.25145775079727173,
                0.965932309627533,
                0.3204812705516815
            ],
            [
                0.0,
                0.0,
                0.0,
                1.0
            ]
        ],
        [
            [
                -0.8698610067367554,
                0.07385901361703873,
                0.4877362549304962,
                0.035613223910331726
            ],
            [
                -0.41649141907691956,
                -0.6397892832756042,
                -0.6459136605262756,
                0.08468252420425415
            ],
            [
                0.2643418312072754,
                -0.7649930715560913,
                0.5872894525527954,
                0.3940907418727875
            ],
            [
                0.0,
                0.0,
                0.0,
                1.0
            ]
        ],
        [
            [
                0.9991667866706848,
                0.02518743835389614,
                -0.032113175839185715,
                -0.0015562325716018677
            ],
            [
                -0.006213114131242037,
                0.8715482354164124,
                0.4902702271938324,
                -0.008947551250457764
            ],
            [
                0.040336836129426956,
                -0.48966220021247864,
                0.870978593826294,
                0.3530314564704895
            ],
            [
                0.0,
                0.0,
                0.0,
                1.0
            ]
        ],
        [
            [
                0.9927675127983093,
                -0.1128464862704277,
                -0.040965624153614044,
                -0.0014425069093704224
            ],
            [
                0.10225273668766022,
                0.9736193418502808,
                -0.2039841264486313,
                0.012981414794921875
            ],
            [
                0.06290377676486969,
                0.1983199566602707,
                0.9781166911125183,
                0.32723262906074524
            ],
            [
                0.0,
                0.0,
                0.0,
                1.0
            ]
        ],
        [
            [
                -0.8848345875740051,
                0.07831338047981262,
                0.45927637815475464,
                0.04526148736476898
            ],
            [
                0.24366754293441772,
                -0.7624210119247437,
                0.5994499921798706,
                -0.030306361615657806
            ],
            [
                0.39710694551467896,
                0.6423248648643494,
                0.655534029006958,
                0.36669886112213135
            ],
            [
                0.0,
                0.0,
                0.0,
                1.0
            ]
        ],
        [
            [
                -0.9590902328491211,
                0.005831138230860233,
                0.28304070234298706,
                0.04794028773903847
            ],
            [
                0.16161751747131348,
                -0.8095794320106506,
                0.5643234252929688,
                -0.029753416776657104
            ],
            [
                0.23243463039398193,
                0.5869814157485962,
                0.7755172252655029,
                0.37500879168510437
            ],
            [
                0.0,
                0.0,
                0.0,
                1.0
            ]
        ],
        [
            [
                0.9937142729759216,
                -0.04452810436487198,
                -0.10270914435386658,
                0.00813890527933836
            ],
            [
                0.11129405349493027,
                0.4918399751186371,
                0.8635433316230774,
                -0.056967318058013916
            ],
            [
                0.012064513750374317,
                -0.8695462346076965,
                0.4937041401863098,
                0.41029125452041626
            ],
            [
                0.0,
                0.0,
                0.0,
                1.0
            ]
        ],
        [
            [
                0.99253249168396,
                -0.11414393782615662,
                0.04301757365465164,
                -0.004137439653277397
            ],
            [
                0.11751290410757065,
                0.9893178939819336,
                -0.08626087754964828,
                0.015796110033988953
            ],
            [
                -0.03271188959479332,
                0.0906718447804451,
                0.9953434467315674,
                0.34130120277404785
            ],
            [
                0.0,
                0.0,
                0.0,
                1.0
            ]
        ],
        [
            [
                -0.8653466105461121,
                0.1266765594482422,
                0.48490023612976074,
                0.047930046916007996
            ],
            [
                0.23331956565380096,
                -0.75445955991745,
                0.6134759783744812,
                -0.053641751408576965
            ],
            [
                0.44355064630508423,
                0.644006073474884,
                0.6233129501342773,
                0.3990066647529602
            ],
            [
                0.0,
                0.0,
                0.0,
                1.0
            ]
        ],
        [
            [
                0.994865357875824,
                -0.04453824833035469,
                0.09088018536567688,
                0.005644470453262329
            ],
            [
                0.09136044979095459,
                0.7815667986869812,
                -0.6170952320098877,
                0.06295201182365417
            ],
            [
                -0.043544597923755646,
                0.6222295165061951,
                0.7816228270530701,
                0.3939840793609619
            ],
            [
                0.0,
                0.0,
                0.0,
                1.0
            ]
        ],
        [
            [
                -0.9793042540550232,
                -0.031161390244960785,
                0.19998006522655487,
                0.04772089049220085
            ],
            [
                0.1207832619547844,
                -0.8828215599060059,
                0.4539133608341217,
                -0.008534692227840424
            ],
            [
                0.16240215301513672,
                0.4686735272407532,
                0.868314802646637,
                0.35204827785491943
            ],
            [
                0.0,
                0.0,
                0.0,
                1.0
            ]
        ],
        [
            [
                -0.7695971727371216,
                0.20771516859531403,
                0.6038001179695129,
                0.04353293776512146
            ],
            [
                0.30278268456459045,
                -0.7138242125511169,
                0.6314883828163147,
                -0.05430363118648529
            ],
            [
                0.5621769428253174,
                0.6688119173049927,
                0.48646456003189087,
                0.39110681414604187
            ],
            [
                0.0,
                0.0,
                0.0,
                1.0
            ]
        ],
        [
            [
                0.9989596009254456,
                -0.03996072709560394,
                0.021975405514240265,
                0.006635606288909912
            ],
            [
                0.045556697994470596,
                0.8523359298706055,
                -0.5210067629814148,
                0.08138961344957352
            ],
            [
                0.0020893809851258993,
                0.5214658379554749,
                0.8532695770263672,
                0.4014100134372711
            ],
            [
                0.0,
                0.0,
                0.0,
                1.0
            ]
        ],
        [
            [
                -0.8630077838897705,
                0.03145522624254227,
                0.5042104721069336,
                0.04788518697023392
            ],
            [
                0.390752375125885,
                -0.5910347700119019,
                0.7056844234466553,
                -0.06520931422710419
            ],
            [
                0.32020336389541626,
                0.8060325980186462,
                0.4977763891220093,
                0.41381922364234924
            ],
            [
                0.0,
                0.0,
                0.0,
                1.0
            ]
        ],
        [
            [
                0.9968024492263794,
                0.03848710283637047,
                -0.07002594321966171,
                0.00516289658844471
            ],
            [
                0.026363754644989967,
                0.6688776016235352,
                0.7429049015045166,
                -0.041299521923065186
            ],
            [
                0.07543104141950607,
                -0.7423755526542664,
                0.6657241582870483,
                0.3904010057449341
            ],
            [
                0.0,
                0.0,
                0.0,
                1.0
            ]
        ],
        [
            [
                -0.9971185326576233,
                -0.04766931012272835,
                0.05901052802801132,
                0.04948509484529495
            ],
            [
                0.06300321966409683,
                -0.9536634087562561,
                0.2942051887512207,
                -0.003958456218242645
            ],
            [
                0.04225161299109459,
                0.2970752716064453,
                0.9539188146591187,
                0.3592222034931183
            ],
            [
                0.0,
                0.0,
                0.0,
                1.0
            ]
        ],
        [
            [
                -0.8805028796195984,
                0.0801040306687355,
                0.4672236442565918,
                0.04553089663386345
            ],
            [
                0.18146169185638428,
                -0.853590726852417,
                0.4883178174495697,
                -0.03842636197805405
            ],
            [
                0.437934011220932,
                0.5147484540939331,
                0.7370533347129822,
                0.37903428077697754
            ],
            [
                0.0,
                0.0,
                0.0,
                1.0
            ]
        ],
        [
            [
                -0.9510819315910339,
                -0.0328214205801487,
                0.30719032883644104,
                0.045673660933971405
            ],
            [
                0.18583320081233978,
                -0.8551148772239685,
                0.48398828506469727,
                -0.008372768759727478
            ],
            [
                0.2467978298664093,
                0.5173986554145813,
                0.8193836212158203,
                0.34536901116371155
            ],
            [
                0.0,
                0.0,
                0.0,
                1.0
            ]
        ],
        [
            [
                -0.8211093544960022,
                0.06486190855503082,
                0.5670734643936157,
                0.040311913937330246
            ],
            [
                0.23148417472839355,
                -0.8703020811080933,
                0.4347289502620697,
                -0.038663119077682495
            ],
            [
                0.5217226147651672,
                0.48822852969169617,
                0.6995986700057983,
                0.3732554316520691
            ],
            [
                0.0,
                0.0,
                0.0,
                1.0
            ]
        ],
        [
            [
                -0.9797441363334656,
                -0.10288822650909424,
                0.1718006283044815,
                0.046431753784418106
            ],
            [
                0.11434382200241089,
                -0.9917382001876831,
                0.05814596638083458,
                0.013633519411087036
            ],
            [
                0.1643986999988556,
                0.07661250978708267,
                0.9834142923355103,
                0.3343823552131653
            ],
            [
                0.0,
                0.0,
                0.0,
                1.0
            ]
        ],
        [
            [
                -0.7326946258544922,
                0.26780885457992554,
                0.6256492137908936,
                0.04221108555793762
            ],
            [
                0.3643765449523926,
                -0.6220779418945312,
                0.6929997801780701,
                -0.060482725501060486
            ],
            [
                0.5747940540313721,
                0.7357290983200073,
                0.35820990800857544,
                0.39486950635910034
            ],
            [
                0.0,
                0.0,
                0.0,
                1.0
            ]
        ],
        [
            [
                0.9979733824729919,
                -0.030388567596673965,
                -0.055907946079969406,
                0.005949396640062332
            ],
            [
                -0.009869756177067757,
                0.7940453290939331,
                -0.6077784299850464,
                0.06246316805481911
            ],
            [
                0.06286296993494034,
                0.6070985198020935,
                0.7921361327171326,
                0.38560596108436584
            ],
            [
                0.0,
                0.0,
                0.0,
                1.0
            ]
        ],
        [
            [
                0.9983987212181091,
                -0.017380496487021446,
                -0.053831469267606735,
                -0.0019162222743034363
            ],
            [
                0.03339099511504173,
                0.9492254853248596,
                0.31281915307044983,
                -0.004598528146743774
            ],
            [
                0.04566125571727753,
                -0.3141157329082489,
                0.9482859373092651,
                0.3477560579776764
            ],
            [
                0.0,
                0.0,
                0.0,
                1.0
            ]
        ]
    ],
    "width": 0.1235,
    "depth": 0.02,
    "score": 0.846977710723877
}