{
    "transform": [
        [
            [
                0.9748970866203308,
                -0.09480734914541245,
                -0.20146265625953674,
                0.042358532547950745
            ],
            [
                0.18502160906791687,
                0.8483062982559204,
                0.4961284399032593,
                0.0857061892747879
            ],
            [
                0.12386541813611984,
                -0.520949125289917,
                0.844552755355835,
                0.4521898329257965
            ],
            [
                0.0,
                0.0,
                0.0,
                1.0
            ]
        ],
        [
            [
                -0.26299989223480225,
                0.9629231691360474,
                0.060083046555519104,
                -0.04452744126319885
            ],
            [
                -0.3530029058456421,
                -0.15399780869483948,
                0.922861635684967,
                0.02874302864074707
            ],
            [
                0.8978975415229797,
                0.22150301933288574,
                0.3804160952568054,
                0.5114455819129944
            ],
            [
                0.0,
                0.0,
                0.0,
                1.0
            ]
        ],
        [
            [
                0.8196255564689636,
                0.44675004482269287,
                -0.3586479425430298,
                0.037121471017599106
            ],
            [
                -0.0494680255651474,
                0.6788725852966309,
                0.7325878143310547,
                0.04029976204037666
            ],
            [
                0.5707598924636841,
                -0.582706093788147,
                0.5785211324691772,
                0.48120036721229553
            ],
            [
                0.0,
                0.0,
                0.0,
                1.0
            ]
        ],
        [
            [
                -0.15778015553951263,
                0.9865956902503967,
                0.041644953191280365,
                -0.03798346966505051
            ],
            [
                -0.3785480856895447,
                -0.09938248991966248,
                0.9202306270599365,
                0.032878316938877106
            ],
            [
                0.9120343923568726,
                0.12942950427532196,
                0.3891545236110687,
                0.5144209265708923
            ],
            [
                0.0,
                0.0,
                0.0,
                1.0
            ]
        ],
        [
            [
                0.9117609262466431,
                0.2833172678947449,
                -0.29736027121543884,
                0.04366595298051834
            ],
            [
                0.03877347707748413,
                0.6613883376121521,
                0.7490406632423401,
                0.05613698810338974
            ],
            [
                0.40888679027557373,
                -0.6944757103919983,
                0.5920429825782776,
                0.47169622778892517
            ],
            [
                0.0,
                0.0,
                0.0,
                1.0
            ]
        ],
        [
            [
                0.9098128080368042,
                0.2697086036205292,
                -0.3154330551624298,
                0.042387865483760834
            ],
            [
                0.03848222643136978,
                0.7019464373588562,
                0.7111892700195312,
                0.060698267072439194
            ],
            [
                0.4132310450077057,
                -0.6591876745223999,
                0.6282607913017273,
                0.47484880685806274
            ],
            [
                0.0,
                0.0,
                0.0,
                1.0
            ]
        ],
        [
            [
                -0.7093228697776794,
                0.6814521551132202,
                0.18023334443569183,
                -0.07588398456573486
            ],
            [
                -0.23160219192504883,
                -0.4668097198009491,
                0.853492259979248,
                0.041237663477659225
            ],
            [
                0.6657488942146301,
                0.563659131526947,
                0.48894456028938293,
                0.49896472692489624
            ],
            [
                0.0,
                0.0,
                0.0,
                1.0
            ]
        ],
        [
            [
                -0.5013405084609985,
                0.8596183657646179,
                0.09855823963880539,
                -0.06654906272888184
            ],
            [
                -0.2619878947734833,
                -0.25937238335609436,
                0.9295634627342224,
                0.024197526276111603
            ],
            [
                0.8246331810951233,
                0.44020676612854004,
                0.3552435338497162,
                0.49906298518180847
            ],
            [
                0.0,
                0.0,
                0.0,
                1.0
            ]
        ],
        [
            [
                0.07222835719585419,
                0.9973161220550537,
                -0.011983535252511501,
                -0.016909101977944374
            ],
            [
                -0.46869033575057983,
                0.04454462602734566,
                0.8822387456893921,
                0.02536141872406006
            ],
            [
                0.8804046511650085,
                -0.058106087148189545,
                0.4706498384475708,
                0.5114439725875854
            ],
            [
                0.0,
                0.0,
                0.0,
                1.0
            ]
        ],
        [
            [
                0.05962648615241051,
                0.9978261590003967,
                -0.028062092140316963,
                -0.036835234612226486
            ],
            [
                -0.9295284152030945,
                0.06574952602386475,
                0.36284127831459045,
                0.12127606570720673
            ],
            [
                0.3638976216316223,
                0.004449560772627592,
                0.9314283132553101,
                0.4076133370399475
            ],
            [
                0.0,
                0.0,
                0.0,
                1.0
            ]
        ],
        [
            [
                0.4410591125488281,
                0.8943301439285278,
                -0.07510218024253845,
                0.006172642111778259
            ],
            [
                -0.3755612075328827,
                0.25992175936698914,
                0.8896034955978394,
                0.03815477713942528
            ],
            [
                0.8151199817657471,
                -0.36416226625442505,
                0.45051661133766174,
                0.5091866850852966
            ],
            [
                0.0,
                0.0,
                0.0,
                1.0
            ]
        ],
        [
            [
                -0.051191914826631546,
                0.9980919361114502,
                -0.03452543914318085,
                -0.020652862265706062
            ],
            [
                -0.9285399913787842,
                -0.034839823842048645,
                0.3695940375328064,
                0.12166158109903336
            ],
            [
                0.3676859438419342,
                0.05097847804427147,
                0.9285517334938049,
                0.4074001908302307
            ],
            [
                0.0,
                0.0,
                0.0,
                1.0
            ]
        ],
        [
            [
                0.7841771841049194,
                0.5810274481773376,
                -0.2178831696510315,
                0.03336820751428604
            ],
            [
                -0.18948794901371002,
                0.558560848236084,
                0.8075295686721802,
                0.04412825405597687
            ],
            [
                0.5908978581428528,
                -0.5919600129127502,
                0.5481084585189819,
                0.48835983872413635
            ],
            [
                0.0,
                0.0,
                0.0,
                1.0
            ]
        ],
        [
            [
                -0.8329036235809326,
                0.48342961072921753,
                0.26938337087631226,
                -0.08723580092191696
            ],
            [
                -0.12030894309282303,
                -0.6332898139953613,
                0.7645062208175659,
                0.05222918093204498
            ],
            [
                0.5401827096939087,
                0.604350745677948,
                0.5856302380561829,
                0.48862820863723755
            ],
            [
                0.0,
                0.0,
                0.0,
                1.0
            ]
        ],
        [
            [
                0.8149558305740356,
                -0.5003662705421448,
                -0.29237061738967896,
                0.04112137109041214
            ],
            [
                0.5765717625617981,
                0.6492080688476562,
                0.4960785210132599,
                0.0845985934138298
            ],
            [
                -0.058411605656147,
                -0.57285475730896,
                0.8175730109214783,
                0.42889124155044556
            ],
            [
                0.0,
                0.0,
                0.0,
                1.0
            ]
        ],
        [
            [
                0.010495102033019066,
                0.9997026324272156,
                0.022007128223776817,
                -0.03334273025393486
            ],
            [
                -0.9059361219406128,
                0.00018982139590661973,
                0.4234141409397125,
                0.12513838708400726
            ],
            [
                0.42328405380249023,
                -0.024380827322602272,
                0.9056689143180847,
                0.41445469856262207
            ],
            [
                0.0,
                0.0,
                0.0,
                1.0
            ]
        ],
        [
            [
                -0.9052437543869019,
                0.15734949707984924,
                0.39468318223953247,
                -0.10076609253883362
            ],
            [
                0.264453649520874,
                -0.5183975100517273,
                0.8132209181785583,
                0.06265995651483536
            ],
            [
                0.3325626850128174,
                0.8405385613441467,
                0.42766448855400085,
                0.4549012780189514
            ],
            [
                0.0,
                0.0,
                0.0,
                1.0
            ]
        ],
        [
            [
                0.9013112187385559,
                -0.3969328999519348,
                -0.17344261705875397,
                0.043286941945552826
            ],
            [
                0.42692822217941284,
                0.7462639808654785,
                0.510707676410675,
                0.0827188715338707
            ],
            [
                -0.07328271120786667,
                -0.5343540906906128,
                0.8420779705047607,
                0.43642860651016235
            ],
            [
                0.0,
                0.0,
                0.0,
                1.0
            ]
        ],
        [
            [
                0.26973894238471985,
                0.9620245695114136,
                -0.04182682931423187,
                -0.00390595942735672
            ],
            [
                -0.38077691197395325,
                0.14645987749099731,
                0.9129942059516907,
                0.02120191603899002
            ],
            [
                0.8844488263130188,
                -0.23034340143203735,
                0.4058226943016052,
                0.5063239932060242
            ],
            [
                0.0,
                0.0,
                0.0,
                1.0
            ]
        ],
        [
            [
                -0.12754984200000763,
                0.9910755753517151,
                0.03873249143362045,
                -0.0361507385969162
            ],
            [
                -0.38817813992500305,
                -0.0858180969953537,
                0.9175799489021301,
                0.02767547219991684
            ],
            [
                0.9127150177955627,
                0.10200206935405731,
                0.39566001296043396,
                0.5125496983528137
            ],
            [
                0.0,
                0.0,
                0.0,
                1.0
            ]
        ],
        [
            [
                0.007402443327009678,
                0.9999597072601318,
                -0.005037552211433649,
                -0.02370106242597103
            ],
            [
                -0.44594886898994446,
                0.007810155861079693,
                0.8950242400169373,
                0.024827495217323303
            ],
            [
                0.895027756690979,
                -0.004378875717520714,
                0.4459887742996216,
                0.5120558142662048
            ],
            [
                0.0,
                0.0,
                0.0,
                1.0
            ]
        ],
        [
            [
                -0.26442959904670715,
                0.9614509344100952,
                0.07542505115270615,
                -0.04306313395500183
            ],
            [
                -0.3218914270401001,
                -0.16171278059482574,
                0.9328637719154358,
                0.035693924874067307
            ],
            [
                0.9090999960899353,
                0.22239811718463898,
                0.35224449634552,
                0.5141511559486389
            ],
            [
                0.0,
                0.0,
                0.0,
                1.0
            ]
        ],
        [
            [
                -0.8633913397789001,
                0.4133681654930115,
                0.28927868604660034,
                -0.09024568647146225
            ],
            [
                -0.04832898825407028,
                -0.6384802460670471,
                0.7681193947792053,
                0.05873462185263634
            ],
            [
                0.502214789390564,
                0.6492070555686951,
                0.5712360143661499,
                0.48454993963241577
            ],
            [
                0.0,
                0.0,
                0.0,
                1.0
            ]
        ],
        [
            [
                0.7713757753372192,
                -0.6121928691864014,
                -0.17377929389476776,
                0.036290720105171204
            ],
            [
                0.6253998875617981,
                0.6787466406822205,
                0.38493895530700684,
                0.08978835493326187
            ],
            [
                -0.11770477890968323,
                -0.40561413764953613,
                0.9064340591430664,
                0.42218202352523804
            ],
            [
                0.0,
                0.0,
                0.0,
                1.0
            ]
        ],
        [
            [
                -0.06893832981586456,
                0.9971746206283569,
                0.029838204383850098,
                -0.03201902657747269
            ],
            [
                -0.44533801078796387,
                -0.05752420052886009,
                0.8935127258300781,
                0.02078244835138321
            ],
            [
                0.8927046656608582,
                0.04830918833613396,
                0.4480453133583069,
                0.5097204446792603
            ],
            [
                0.0,
                0.0,
                0.0,
                1.0
            ]
        ],
        [
            [
                0.4848310649394989,
                0.8704857230186462,
                -0.08481478691101074,
                0.011730842292308807
            ],
            [
                -0.37356284260749817,
                0.29378917813301086,
                0.8798515200614929,
                0.04077504947781563
            ],
            [
                0.7908158898353577,
                -0.3948957026004791,
                0.4676191806793213,
                0.5068840980529785
            ],
            [
                0.0,
                0.0,
                0.0,
                1.0
            ]
        ],
        [
            [
                0.5500723123550415,
                0.8243940472602844,
                -0.13339726626873016,
                0.01760345697402954
            ],
            [
                -0.382730633020401,
                0.3908311724662781,
                0.8371189832687378,
                0.030803337693214417
            ],
            [
                0.7422517538070679,
                -0.40942075848579407,
                0.5305062532424927,
                0.4991680979728699
            ],
            [
                0.0,
                0.0,
                0.0,
                1.0
            ]
        ],
        [
            [
                -0.1386599987745285,
                0.9890068769454956,
                0.05136800557374954,
                -0.04029347002506256
            ],
            [
                -0.3837883770465851,
                -0.10147865861654282,
                0.9178281426429749,
                0.01958537846803665
            ],
            [
                0.9129511713981628,
                0.10755160450935364,
                0.393640398979187,
                0.5078096389770508
            ],
            [
                0.0,
                0.0,
                0.0,
                1.0
            ]
        ],
        [
            [
                -0.21109852194786072,
                0.9764953255653381,
                -0.04352235049009323,
                -0.001815836876630783
            ],
            [
                -0.9063979983329773,
                -0.17888900637626648,
                0.3826766312122345,
                0.11983466893434525
            ],
            [
                0.3658962845802307,
                0.12023104727268219,
                0.9228566288948059,
                0.4119226038455963
            ],
            [
                0.0,
                0.0,
                0.0,
                1.0
            ]
        ],
        [
            [
                -0.8311824798583984,
                0.4533053934574127,
                0.3219469487667084,
                -0.09024010598659515
            ],
            [
                -0.019771063700318336,
                -0.6027727723121643,
                0.797667920589447,
                0.0429929681122303
            ],
            [
                0.5556480288505554,
                0.6566423773765564,
                0.5099765658378601,
                0.4816698431968689
            ],
            [
                0.0,
                0.0,
                0.0,
                1.0
            ]
        ]
    ],
    "width": 0.1235,
    "depth": 0.02,
    "score": 0.7746169567108154
}