{
    "transform": [
        [
            [
                0.6644821763038635,
                0.00583889614790678,
                -0.7472812533378601,
                -0.02337794564664364
            ],
            [
                -0.5451720356941223,
                0.6877279281616211,
                -0.4793931841850281,
                0.045020222663879395
            ],
            [
                0.5111271142959595,
                0.7259450554847717,
                0.46016618609428406,
                0.3928360641002655
            ],
            [
                0.0,
                0.0,
                0.0,
                1.0
            ]
        ],
        [
            [
                -0.4764802157878876,
                0.1382259875535965,
                0.8682512044906616,
                0.005809042137116194
            ],
            [
                -0.4037291705608368,
                -0.9116813540458679,
                -0.07641902565956116,
                -0.0027106478810310364
            ],
            [
                0.7810053825378418,
                -0.3869504928588867,
                0.49020400643348694,
                0.35140836238861084
            ],
            [
                0.0,
                0.0,
                0.0,
                1.0
            ]
        ],
        [
            [
                -0.6089106202125549,
                0.10922425240278244,
                0.7856830954551697,
                0.00945126824080944
            ],
            [
                -0.4170975387096405,
                -0.8865824341773987,
                -0.20000280439853668,
                -0.036667682230472565
            ],
            [
                0.6747276782989502,
                -0.4494903087615967,
                0.5854066610336304,
                0.3430432081222534
            ],
            [
                0.0,
                0.0,
                0.0,
                1.0
            ]
        ],
        [
            [
                0.7412575483322144,
                -0.012386655434966087,
                -0.6711063981056213,
                -0.025414150208234787
            ],
            [
                -0.46266210079193115,
                0.7149385809898376,
                -0.5242199897766113,
                0.015575043857097626
            ],
            [
                0.4862932562828064,
                0.6990775465965271,
                0.524222731590271,
                0.37194839119911194
            ],
            [
                0.0,
                0.0,
                0.0,
                1.0
            ]
        ],
        [
            [
                -0.7513756155967712,
                -0.004979945719242096,
                0.6598559617996216,
                0.015382952988147736
            ],
            [
                -0.3444121778011322,
                -0.8500009179115295,
                -0.398595929145813,
                -0.04229938983917236
            ],
            [
                0.5628631114959717,
                -0.5267576575279236,
                0.6369548439979553,
                0.34896227717399597
            ],
            [
                0.0,
                0.0,
                0.0,
                1.0
            ]
        ],
        [
            [
                -0.7927783727645874,
                0.0319950133562088,
                0.6086695790290833,
                0.015696270391345024
            ],
            [
                -0.3791336715221405,
                -0.8077995181083679,
                -0.451350599527359,
                0.019512563943862915
            ],
            [
                0.4772421419620514,
                -0.5885881185531616,
                0.6525364518165588,
                0.3849404454231262
            ],
            [
                0.0,
                0.0,
                0.0,
                1.0
            ]
        ],
        [
            [
                0.7996612787246704,
                -0.010119342245161533,
                -0.6003660559654236,
                -0.02633262611925602
            ],
            [
                -0.4124196469783783,
                0.7174400687217712,
                -0.5614175796508789,
                0.028878401964902878
            ],
            [
                0.4364078640937805,
                0.6965466737747192,
                0.5695356726646423,
                0.3853907585144043
            ],
            [
                0.0,
                0.0,
                0.0,
                1.0
            ]
        ],
        [
            [
                -0.7597005367279053,
                0.025028860196471214,
                0.6497913002967834,
                0.01643214374780655
            ],
            [
                -0.4439793527126312,
                -0.7500671744346619,
                -0.4901852011680603,
                0.03952248394489288
            ],
            [
                0.4751182496547699,
                -0.6608878970146179,
                0.5809386968612671,
                0.4029872417449951
            ],
            [
                0.0,
                0.0,
                0.0,
                1.0
            ]
        ],
        [
            [
                0.9039573669433594,
                -0.03942173346877098,
                -0.4258016049861908,
                -0.02773180790245533
            ],
            [
                -0.24081529676914215,
                0.7759069204330444,
                -0.5830750465393066,
                0.06932341307401657
            ],
            [
                0.3533683121204376,
                0.629614531993866,
                0.6918933987617493,
                0.41939738392829895
            ],
            [
                0.0,
                0.0,
                0.0,
                1.0
            ]
        ],
        [
            [
                0.8481754064559937,
                -0.02212926186621189,
                -0.5292530059814453,
                -0.027843652293086052
            ],
            [
                -0.3467685580253601,
                0.7320923209190369,
                -0.5863381028175354,
                0.03697659447789192
            ],
            [
                0.4004373252391815,
                0.6808458566665649,
                0.6132689714431763,
                0.3947708010673523
            ],
            [
                0.0,
                0.0,
                0.0,
                1.0
            ]
        ],
        [
            [
                -0.943291962146759,
                -0.2715878188610077,
                0.1908935010433197,
                0.018010279163718224
            ],
            [
                0.1702176183462143,
                -0.8894037008285522,
                -0.4242486357688904,
                -0.05715801566839218
            ],
            [
                0.285002201795578,
                -0.3676968812942505,
                0.8851963877677917,
                0.3552723228931427
            ],
            [
                0.0,
                0.0,
                0.0,
                1.0
            ]
        ],
        [
            [
                -0.8920867443084717,
                0.021794816479086876,
                0.4513382613658905,
                0.01711808703839779
            ],
            [
                -0.318753719329834,
                -0.738318145275116,
                -0.5943756103515625,
                0.0713190883398056
            ],
            [
                0.3202769160270691,
                -0.6741003394126892,
                0.6655910015106201,
                0.43147093057632446
            ],
            [
                0.0,
                0.0,
                0.0,
                1.0
            ]
        ],
        [
            [
                0.9457046389579773,
                0.023123838007450104,
                -0.3242036998271942,
                -0.029822884127497673
            ],
            [
                -0.19316375255584717,
                0.842190682888031,
                -0.5033910274505615,
                -0.006535947322845459
            ],
            [
                0.26140090823173523,
                0.5386836528778076,
                0.8009303212165833,
                0.3707025349140167
            ],
            [
                0.0,
                0.0,
                0.0,
                1.0
            ]
        ],
        [
            [
                -0.7835059762001038,
                0.0252519641071558,
                0.6208708882331848,
                0.015621570870280266
            ],
            [
                -0.39683017134666443,
                -0.7892179489135742,
                -0.4686795771121979,
                0.059724267572164536
            ],
            [
                0.47816741466522217,
                -0.613593578338623,
                0.6283777952194214,
                0.41691213846206665
            ],
            [
                0.0,
                0.0,
                0.0,
                1.0
            ]
        ],
        [
            [
                0.6989925503730774,
                0.09640283137559891,
                -0.7086013555526733,
                -0.02183375135064125
            ],
            [
                -0.4409336447715759,
                0.8382052779197693,
                -0.320919394493103,
                -0.018384695053100586
            ],
            [
                0.563015878200531,
                0.5367664694786072,
                0.6284064650535583,
                0.3475780189037323
            ],
            [
                0.0,
                0.0,
                0.0,
                1.0
            ]
        ],
        [
            [
                -0.9385360479354858,
                -0.12918873131275177,
                0.32009440660476685,
                0.018927346915006638
            ],
            [
                -0.04241286963224411,
                -0.8771361708641052,
                -0.47836530208587646,
                -0.04494848847389221
            ],
            [
                0.3425658643245697,
                -0.4625391960144043,
                0.8177445530891418,
                0.3578057289123535
            ],
            [
                0.0,
                0.0,
                0.0,
                1.0
            ]
        ],
        [
            [
                0.7794942855834961,
                0.012707913294434547,
                -0.6262804269790649,
                -0.02394839935004711
            ],
            [
                -0.35840415954589844,
                0.829023540019989,
                -0.4292626678943634,
                -0.005888432264328003
            ],
            [
                0.5137462019920349,
                0.5590693354606628,
                0.6507736444473267,
                0.35624226927757263
            ],
            [
                0.0,
                0.0,
                0.0,
                1.0
            ]
        ],
        [
            [
                -0.23097474873065948,
                0.05773647129535675,
                -0.9712451696395874,
                0.0004214351065456867
            ],
            [
                -0.6312682628631592,
                0.7507146596908569,
                0.19475068151950836,
                0.04466813802719116
            ],
            [
                0.7403721809387207,
                0.6580987572669983,
                -0.13694892823696136,
                0.38240984082221985
            ],
            [
                0.0,
                0.0,
                0.0,
                1.0
            ]
        ],
        [
            [
                0.35118240118026733,
                0.04320115968585014,
                -0.935309886932373,
                -0.0125241968780756
            ],
            [
                -0.5874793529510498,
                0.7879998683929443,
                -0.18418483436107635,
                0.04049133509397507
            ],
            [
                0.7290670871734619,
                0.6141577363014221,
                0.3021114766597748,
                0.3788152039051056
            ],
            [
                0.0,
                0.0,
                0.0,
                1.0
            ]
        ],
        [
            [
                -0.6238629817962646,
                0.12302546948194504,
                0.7717899084091187,
                0.010873354971408844
            ],
            [
                -0.3988010883331299,
                -0.8993984460830688,
                -0.17899730801582336,
                -0.01242559403181076
            ],
            [
                0.6721254587173462,
                -0.4194604456424713,
                0.6101641058921814,
                0.3523743450641632
            ],
            [
                0.0,
                0.0,
                0.0,
                1.0
            ]
        ],
        [
            [
                -0.4404180943965912,
                0.12939238548278809,
                0.8884197473526001,
                0.004304235335439444
            ],
            [
                -0.48574158549308777,
                -0.8665590882301331,
                -0.114589162170887,
                0.0062601566314697266
            ],
            [
                0.7550410628318787,
                -0.48200955986976624,
                0.44449955224990845,
                0.35506030917167664
            ],
            [
                0.0,
                0.0,
                0.0,
                1.0
            ]
        ],
        [
            [
                -0.9763016700744629,
                -0.04857326298952103,
                0.2108926773071289,
                0.020442185923457146
            ],
            [
                -0.09467420727014542,
                -0.7804309129714966,
                -0.618032693862915,
                -0.002555049955844879
            ],
            [
                0.19460713863372803,
                -0.6233524680137634,
                0.7573373317718506,
                0.38644251227378845
            ],
            [
                0.0,
                0.0,
                0.0,
                1.0
            ]
        ],
        [
            [
                0.6019997596740723,
                0.0009806044399738312,
                -0.7984956502914429,
                -0.021659569814801216
            ],
            [
                -0.6002366542816162,
                0.6600505113601685,
                -0.4517182409763336,
                0.0587850846350193
            ],
            [
                0.5266045331954956,
                0.7512206435203552,
                0.3979388475418091,
                0.40109989047050476
            ],
            [
                0.0,
                0.0,
                0.0,
                1.0
            ]
        ],
        [
            [
                0.987861156463623,
                -0.05195152014493942,
                -0.14639471471309662,
                -0.0340760163962841
            ],
            [
                -0.07627622038125992,
                0.6587550044059753,
                -0.7484809756278992,
                0.041900597512722015
            ],
            [
                0.1353229582309723,
                0.7505617141723633,
                0.6467958092689514,
                0.41784563660621643
            ],
            [
                0.0,
                0.0,
                0.0,
                1.0
            ]
        ],
        [
            [
                0.7801578044891357,
                -0.011478723026812077,
                -0.6254774928092957,
                -0.023421531543135643
            ],
            [
                -0.4050211012363434,
                0.7527285218238831,
                -0.5189966559410095,
                0.0757688656449318
            ],
            [
                0.47677212953567505,
                0.6582309007644653,
                0.5825978517532349,
                0.41671958565711975
            ],
            [
                0.0,
                0.0,
                0.0,
                1.0
            ]
        ],
        [
            [
                -0.7183679938316345,
                0.05816247686743736,
                0.6932276487350464,
                0.013342779129743576
            ],
            [
                -0.40168413519859314,
                -0.8482743501663208,
                -0.3450804352760315,
                0.004851490259170532
            ],
            [
                0.5679764747619629,
                -0.5263532996177673,
                0.632736086845398,
                0.3668859899044037
            ],
            [
                0.0,
                0.0,
                0.0,
                1.0
            ]
        ],
        [
            [
                -0.9286122918128967,
                -0.05713573098182678,
                0.36662614345550537,
                0.01836690865457058
            ],
            [
                -0.1538611799478531,
                -0.8398294448852539,
                -0.5205894112586975,
                -0.020813994109630585
            ],
            [
                0.33764761686325073,
                -0.5398352742195129,
                0.7710849642753601,
                0.37035852670669556
            ],
            [
                0.0,
                0.0,
                0.0,
                1.0
            ]
        ],
        [
            [
                -0.9863695502281189,
                -0.016252674162387848,
                0.16374042630195618,
                0.019977374002337456
            ],
            [
                -0.11208309233188629,
                -0.6621811985969543,
                -0.7409139275550842,
                0.05279269069433212
            ],
            [
                0.1204676702618599,
                -0.7491674423217773,
                0.651333749294281,
                0.4316064119338989
            ],
            [
                0.0,
                0.0,
                0.0,
                1.0
            ]
        ],
        [
            [
                -0.6122976541519165,
                0.11082832515239716,
                0.7828208804130554,
                0.009961787611246109
            ],
            [
                -0.40805041790008545,
                -0.892363429069519,
                -0.19282716512680054,
                0.006773419678211212
            ],
            [
                0.6771901249885559,
                -0.4374980032444,
                0.5916155576705933,
                0.3615730404853821
            ],
            [
                0.0,
                0.0,
                0.0,
                1.0
            ]
        ],
        [
            [
                -0.4579150080680847,
                0.15574122965335846,
                0.8752476572990417,
                0.005160402040928602
            ],
            [
                -0.5397735238075256,
                -0.8309903144836426,
                -0.13453438878059387,
                0.013098329305648804
            ],
            [
                0.7063698172569275,
                -0.5340408086776733,
                0.464587926864624,
                0.3601961135864258
            ],
            [
                0.0,
                0.0,
                0.0,
                1.0
            ]
        ]
    ],
    "width": 0.1235,
    "depth": 0.02,
    "score": 0.8398292660713196
}