{
    "transform": [
        [
            [
                0.9971370697021484,
                -0.030620092526078224,
                -0.06913729757070541,
                -0.005491336807608604
            ],
            [
                0.07501675933599472,
                0.2858522832393646,
                0.95533287525177,
                0.01757073402404785
            ],
            [
                -0.009489314630627632,
                -0.9577842354774475,
                0.2873309552669525,
                0.4982839822769165
            ],
            [
                0.0,
                0.0,
                0.0,
                1.0
            ]
        ],
        [
            [
                0.9999980926513672,
                -0.0005559512646868825,
                0.001852706540375948,
                -0.006752496585249901
            ],
            [
                -0.00133861368522048,
                0.492509663105011,
                0.8703058958053589,
                0.06269622594118118
            ],
            [
                -0.0013963242527097464,
                -0.8703067302703857,
                0.49250802397727966,
                0.43765825033187866
            ],
            [
                0.0,
                0.0,
                0.0,
                1.0
            ]
        ],
        [
            [
                0.9998955726623535,
                0.007530741859227419,
                -0.01233476959168911,
                -0.006118720397353172
            ],
            [
                0.0072172642685472965,
                0.47924840450286865,
                0.8776495456695557,
                0.04180757328867912
            ],
            [
                0.012520773336291313,
                -0.8776469230651855,
                0.47914400696754456,
                0.4626772701740265
            ],
            [
                0.0,
                0.0,
                0.0,
                1.0
            ]
        ],
        [
            [
                -0.9888495206832886,
                0.08268625289201736,
                0.12385339289903641,
                0.030852092429995537
            ],
            [
                0.05661174654960632,
                -0.5605219602584839,
                0.8262023329734802,
                0.09049150347709656
            ],
            [
                0.13773810863494873,
                0.8240013122558594,
                0.5495908260345459,
                0.3732692003250122
            ],
            [
                0.0,
                0.0,
                0.0,
                1.0
            ]
        ],
        [
            [
                0.9999329447746277,
                -0.005831082351505756,
                -0.009999509900808334,
                -0.007027260959148407
            ],
            [
                0.011559474281966686,
                0.45760056376457214,
                0.8890827298164368,
                0.0562131404876709
            ],
            [
                -0.000608531991019845,
                -0.8891386985778809,
                0.45763733983039856,
                0.45546695590019226
            ],
            [
                0.0,
                0.0,
                0.0,
                1.0
            ]
        ],
        [
            [
                0.9935145378112793,
                -0.07113803923130035,
                -0.08870244771242142,
                -0.003275275230407715
            ],
            [
                0.11350565403699875,
                0.574361264705658,
                0.8106944561004639,
                -0.0
            ],
            [
                -0.00672396132722497,
                -0.8155049681663513,
                0.5787109136581421,
                0.4953308403491974
            ],
            [
                0.0,
                0.0,
                0.0,
                1.0
            ]
        ],
        [
            [
                0.9998825788497925,
                -0.00895628146827221,
                -0.012435886077582836,
                -0.0057532452046871185
            ],
            [
                0.015064078383147717,
                0.425182580947876,
                0.9049822092056274,
                0.03190154582262039
            ],
            [
                -0.0028177546337246895,
                -0.905063271522522,
                0.4252675473690033,
                0.4745904207229614
            ],
            [
                0.0,
                0.0,
                0.0,
                1.0
            ]
        ],
        [
            [
                0.9994340538978577,
                -0.000438362272689119,
                -0.03363703563809395,
                -0.005157645791769028
            ],
            [
                0.029291439801454544,
                0.5030504465103149,
                0.8637605905532837,
                0.03042743355035782
            ],
            [
                0.016542483121156693,
                -0.8642570376396179,
                0.5027785301208496,
                0.46800491213798523
            ],
            [
                0.0,
                0.0,
                0.0,
                1.0
            ]
        ],
        [
            [
                0.9999975562095642,
                -0.0019010113319382071,
                0.001057822024449706,
                -0.007353464141488075
            ],
            [
                -0.00011597243428695947,
                0.43896886706352234,
                0.8985022306442261,
                0.06764590740203857
            ],
            [
                -0.002172414679080248,
                -0.8985001444816589,
                0.43896764516830444,
                0.4448355734348297
            ],
            [
                0.0,
                0.0,
                0.0,
                1.0
            ]
        ],
        [
            [
                -0.9832247495651245,
                0.056385383009910583,
                0.17346440255641937,
                0.037183359265327454
            ],
            [
                0.1296074390411377,
                -0.4531826972961426,
                0.8819453120231628,
                0.02190060168504715
            ],
            [
                0.12833987176418304,
                0.8896327614784241,
                0.4382724165916443,
                0.4621942639350891
            ],
            [
                0.0,
                0.0,
                0.0,
                1.0
            ]
        ],
        [
            [
                -0.9927753210067749,
                0.09370066970586777,
                0.0749487355351448,
                0.0318153016269207
            ],
            [
                0.004862034693360329,
                -0.5927070379257202,
                0.805403470993042,
                0.08539143949747086
            ],
            [
                0.11988946795463562,
                0.7999491095542908,
                0.5879693627357483,
                0.37985795736312866
            ],
            [
                0.0,
                0.0,
                0.0,
                1.0
            ]
        ],
        [
            [
                -0.9864190220832825,
                0.04978090152144432,
                0.15652306377887726,
                0.035297393798828125
            ],
            [
                0.10021255165338516,
                -0.5726295113563538,
                0.8136664032936096,
                0.04387937858700752
            ],
            [
                0.13013477623462677,
                0.8183015584945679,
                0.5598639249801636,
                0.4328223466873169
            ],
            [
                0.0,
                0.0,
                0.0,
                1.0
            ]
        ],
        [
            [
                0.9908624291419983,
                -0.12989495694637299,
                -0.03631545603275299,
                -0.007463224232196808
            ],
            [
                0.12413804233074188,
                0.7730183601379395,
                0.6221190690994263,
                0.11940105259418488
            ],
            [
                -0.052737634629011154,
                -0.6209425330162048,
                0.7820798754692078,
                0.3762294054031372
            ],
            [
                0.0,
                0.0,
                0.0,
                1.0
            ]
        ],
        [
            [
                0.9954888224601746,
                0.014336733147501945,
                -0.09378953278064728,
                -0.004247605800628662
            ],
            [
                0.07212411612272263,
                0.5279166102409363,
                0.8462282419204712,
                0.044831883162260056
            ],
            [
                0.06164519488811493,
                -0.849175214767456,
                0.5245010256767273,
                0.42825302481651306
            ],
            [
                0.0,
                0.0,
                0.0,
                1.0
            ]
        ],
        [
            [
                0.9982070922851562,
                -0.002518259221687913,
                -0.05980224907398224,
                -0.005380753427743912
            ],
            [
                0.05756362900137901,
                0.31420108675956726,
                0.9476096034049988,
                0.02098308503627777
            ],
            [
                0.016403602436184883,
                -0.949353039264679,
                0.3137826919555664,
                0.4882495105266571
            ],
            [
                0.0,
                0.0,
                0.0,
                1.0
            ]
        ],
        [
            [
                0.9915364980697632,
                -0.05494917184114456,
                -0.11762608587741852,
                -0.0021629445254802704
            ],
            [
                0.12696565687656403,
                0.5996105074882507,
                0.7901563048362732,
                -0.0016220659017562866
            ],
            [
                0.027111399918794632,
                -0.7984033226966858,
                0.6015123724937439,
                0.49066391587257385
            ],
            [
                0.0,
                0.0,
                0.0,
                1.0
            ]
        ],
        [
            [
                0.9971341490745544,
                0.012697149999439716,
                -0.07458015531301498,
                -0.004538396373391151
            ],
            [
                0.05346810817718506,
                0.5791492462158203,
                0.8134662508964539,
                0.05717875435948372
            ],
            [
                0.05352173373103142,
                -0.815122663974762,
                0.5768106579780579,
                0.4118140935897827
            ],
            [
                0.0,
                0.0,
                0.0,
                1.0
            ]
        ],
        [
            [
                0.9954909682273865,
                0.05268673971295357,
                -0.07887838780879974,
                -0.003148650750517845
            ],
            [
                0.04631907865405083,
                0.4556742310523987,
                0.888940691947937,
                0.012593492865562439
            ],
            [
                0.08277823776006699,
                -0.8885860443115234,
                0.4511792063713074,
                0.47618088126182556
            ],
            [
                0.0,
                0.0,
                0.0,
                1.0
            ]
        ],
        [
            [
                0.999803364276886,
                -0.006907018832862377,
                -0.018590020015835762,
                -0.0062383003532886505
            ],
            [
                0.019530676305294037,
                0.50562983751297,
                0.8625293374061584,
                0.05757923424243927
            ],
            [
                0.003442163346335292,
                -0.8627228140830994,
                0.5056653022766113,
                0.43543335795402527
            ],
            [
                0.0,
                0.0,
                0.0,
                1.0
            ]
        ],
        [
            [
                0.9989191889762878,
                0.02360975742340088,
                -0.04003923013806343,
                -0.004378873854875565
            ],
            [
                0.02087642066180706,
                0.5417448282241821,
                0.8402837514877319,
                0.039406388998031616
            ],
            [
                0.04152994230389595,
                -0.8402114510536194,
                0.5406663417816162,
                0.44148778915405273
            ],
            [
                0.0,
                0.0,
                0.0,
                1.0
            ]
        ],
        [
            [
                0.9934927225112915,
                0.05509018525481224,
                -0.0996854305267334,
                -0.003511635586619377
            ],
            [
                0.05550672858953476,
                0.5300713777542114,
                0.8461343050003052,
                0.026084139943122864
            ],
            [
                0.09945409744977951,
                -0.8461614847183228,
                0.5235642194747925,
                0.45520833134651184
            ],
            [
                0.0,
                0.0,
                0.0,
                1.0
            ]
        ],
        [
            [
                -0.9958206415176392,
                0.04609370604157448,
                0.0788450688123703,
                0.03236236795783043
            ],
            [
                0.04250427335500717,
                -0.5302103161811829,
                0.8467999696731567,
                0.07507407665252686
            ],
            [
                0.08083662390708923,
                0.8466121554374695,
                0.5260352492332458,
                0.3915414810180664
            ],
            [
                0.0,
                0.0,
                0.0,
                1.0
            ]
        ],
        [
            [
                0.9999880790710449,
                -0.004549666773527861,
                -0.0017732653068378568,
                -0.005968252196907997
            ],
            [
                0.0038802672643214464,
                0.519926905632019,
                0.8542019128799438,
                0.046249885112047195
            ],
            [
                -0.002964366227388382,
                -0.8541985750198364,
                0.5199383497238159,
                0.45129939913749695
            ],
            [
                0.0,
                0.0,
                0.0,
                1.0
            ]
        ],
        [
            [
                -0.994336724281311,
                0.10607150942087173,
                0.00658317981287837,
                0.030059393495321274
            ],
            [
                -0.06870385259389877,
                -0.6888331174850464,
                0.7216569185256958,
                0.11693309247493744
            ],
            [
                0.08108195662498474,
                0.7171176671981812,
                0.6922195553779602,
                0.3736423850059509
            ],
            [
                0.0,
                0.0,
                0.0,
                1.0
            ]
        ],
        [
            [
                0.9868967533111572,
                -0.11544280499219894,
                -0.11272825300693512,
                -0.005945993587374687
            ],
            [
                0.15691407024860382,
                0.5239270925521851,
                0.837184727191925,
                0.08238723129034042
            ],
            [
                -0.03758557140827179,
                -0.8439035415649414,
                0.5351765751838684,
                0.3853853940963745
            ],
            [
                0.0,
                0.0,
                0.0,
                1.0
            ]
        ],
        [
            [
                0.9971553087234497,
                -0.0045995814725756645,
                -0.07523353397846222,
                -0.004883984103798866
            ],
            [
                0.07242915779352188,
                0.33474767208099365,
                0.9395201206207275,
                0.014108046889305115
            ],
            [
                0.020862853154540062,
                -0.94229656457901,
                0.33412858843803406,
                0.4924142062664032
            ],
            [
                0.0,
                0.0,
                0.0,
                1.0
            ]
        ],
        [
            [
                0.9967932105064392,
                0.022076036781072617,
                -0.07691548019647598,
                -0.0042961519211530685
            ],
            [
                0.06029831990599632,
                0.4246819019317627,
                0.9033323526382446,
                0.012887321412563324
            ],
            [
                0.05260661616921425,
                -0.9050734639167786,
                0.4219888746738434,
                0.48729097843170166
            ],
            [
                0.0,
                0.0,
                0.0,
                1.0
            ]
        ],
        [
            [
                0.9995284676551819,
                0.013519322499632835,
                -0.027568213641643524,
                -0.005556810647249222
            ],
            [
                0.017113184556365013,
                0.500181257724762,
                0.8657516241073608,
                0.038894254714250565
            ],
            [
                0.025493480265140533,
                -0.8658151626586914,
                0.49971407651901245,
                0.45838645100593567
            ],
            [
                0.0,
                0.0,
                0.0,
                1.0
            ]
        ],
        [
            [
                -0.9942878484725952,
                0.07850885391235352,
                0.07230502367019653,
                0.03100741282105446
            ],
            [
                0.013363771140575409,
                -0.5805410742759705,
                0.8141212463378906,
                0.07984767854213715
            ],
            [
                0.10589176416397095,
                0.8104371428489685,
                0.5761757493019104,
                0.38542640209198
            ],
            [
                0.0,
                0.0,
                0.0,
                1.0
            ]
        ],
        [
            [
                0.9999986886978149,
                0.000664403080008924,
                -0.001477484474889934,
                -0.006525786593556404
            ],
            [
                0.0009027430205605924,
                0.5287566781044006,
                0.8487729430198669,
                0.0666503757238388
            ],
            [
                0.0013451575068756938,
                -0.8487731218338013,
                0.5287553668022156,
                0.4229642152786255
            ],
            [
                0.0,
                0.0,
                0.0,
                1.0
            ]
        ]
    ],
    "width": 0.1235,
    "depth": 0.02,
    "score": 0.9122177958488464
}