{
    "transform": [
        [
            [
                -0.8312292098999023,
                0.540402889251709,
                0.13047128915786743,
                0.05544951558113098
            ],
            [
                -0.20159359276294708,
                -0.5117211937904358,
                0.8351655006408691,
                0.07698097825050354
            ],
            [
                0.5180908441543579,
                0.6679118275642395,
                0.5342993140220642,
                0.41582557559013367
            ],
            [
                0.0,
                0.0,
                0.0,
                1.0
            ]
        ],
        [
            [
                0.9907816648483276,
                0.13232463598251343,
                -0.029015101492404938,
                -0.01033942960202694
            ],
            [
                -0.07329749315977097,
                0.7037627696990967,
                0.70664381980896,
                0.08881727606058121
            ],
            [
                0.11392612755298615,
                -0.6980029940605164,
                0.7069743275642395,
                0.42645448446273804
            ],
            [
                0.0,
                0.0,
                0.0,
                1.0
            ]
        ],
        [
            [
                -0.04031211882829666,
                0.9991421103477478,
                -0.009486835449934006,
                0.039135076105594635
            ],
            [
                -0.5642496943473816,
                -0.014927816577255726,
                0.8254691958427429,
                0.08008333295583725
            ],
            [
                0.824619472026825,
                0.038629356771707535,
                0.564367413520813,
                0.4129205644130707
            ],
            [
                0.0,
                0.0,
                0.0,
                1.0
            ]
        ],
        [
            [
                -0.7690485715866089,
                0.6391058564186096,
                0.010388297028839588,
                0.05377589166164398
            ],
            [
                -0.4351966679096222,
                -0.5354456901550293,
                0.7238105535507202,
                0.08575572073459625
            ],
            [
                0.4681539535522461,
                0.5521245002746582,
                0.6899204850196838,
                0.42065730690956116
            ],
            [
                0.0,
                0.0,
                0.0,
                1.0
            ]
        ],
        [
            [
                -0.5806111693382263,
                0.8133874535560608,
                0.035935644060373306,
                0.05174517631530762
            ],
            [
                -0.6423776149749756,
                -0.4847661554813385,
                0.5935930609703064,
                0.09548495709896088
            ],
            [
                0.5002415776252747,
                0.3215624988079071,
                0.8039625883102417,
                0.42685067653656006
            ],
            [
                0.0,
                0.0,
                0.0,
                1.0
            ]
        ],
        [
            [
                0.8898417353630066,
                -0.4532366096973419,
                -0.0525185652077198,
                -0.010050313547253609
            ],
            [
                0.36935892701148987,
                0.647979736328125,
                0.666105329990387,
                0.034670524299144745
            ],
            [
                -0.26787233352661133,
                -0.6121265292167664,
                0.7440064549446106,
                0.4559827446937561
            ],
            [
                0.0,
                0.0,
                0.0,
                1.0
            ]
        ],
        [
            [
                0.9958157539367676,
                -0.09138290584087372,
                0.00021672778530046344,
                -0.012890486046671867
            ],
            [
                0.08071520924568176,
                0.8806750178337097,
                0.4667937457561493,
                0.0926123857498169
            ],
            [
                -0.04284783825278282,
                -0.46482306718826294,
                0.8843661546707153,
                0.4332158863544464
            ],
            [
                0.0,
                0.0,
                0.0,
                1.0
            ]
        ],
        [
            [
                -0.6766173839569092,
                0.7362906336784363,
                -0.00806484092026949,
                0.05106544494628906
            ],
            [
                -0.37071147561073303,
                -0.33116263151168823,
                0.8677005767822266,
                0.08023862540721893
            ],
            [
                0.6362090706825256,
                0.5900909900665283,
                0.49702173471450806,
                0.4137212932109833
            ],
            [
                0.0,
                0.0,
                0.0,
                1.0
            ]
        ],
        [
            [
                0.8705466985702515,
                0.4918110966682434,
                -0.016438649967312813,
                -0.008760934695601463
            ],
            [
                -0.2635152339935303,
                0.49413591623306274,
                0.8284862637519836,
                0.08068570494651794
            ],
            [
                0.415581613779068,
                -0.7169041633605957,
                0.5597681403160095,
                0.4184038043022156
            ],
            [
                0.0,
                0.0,
                0.0,
                1.0
            ]
        ],
        [
            [
                -0.0512525700032711,
                0.9985907673835754,
                -0.013774169608950615,
                0.03378461301326752
            ],
            [
                -0.5346039533615112,
                -0.015783512964844704,
                0.8449553847312927,
                0.08125853538513184
            ],
            [
                0.8435471057891846,
                0.05066986009478569,
                0.5346595048904419,
                0.4142724275588989
            ],
            [
                0.0,
                0.0,
                0.0,
                1.0
            ]
        ],
        [
            [
                -0.39471253752708435,
                0.9159498810768127,
                -0.07237240672111511,
                0.04877130314707756
            ],
            [
                -0.6282869577407837,
                -0.21159544587135315,
                0.7486540079116821,
                0.08603235334157944
            ],
            [
                0.6704159379005432,
                0.34097373485565186,
                0.6589987277984619,
                0.417500764131546
            ],
            [
                0.0,
                0.0,
                0.0,
                1.0
            ]
        ],
        [
            [
                0.9927084445953369,
                -0.1181909367442131,
                -0.02368168905377388,
                -0.013407541438937187
            ],
            [
                0.11971677839756012,
                0.9896366000175476,
                0.07929255813360214,
                0.06610722094774246
            ],
            [
                0.01406459603458643,
                -0.08154948800802231,
                0.9965700507164001,
                0.4195173680782318
            ],
            [
                0.0,
                0.0,
                0.0,
                1.0
            ]
        ],
        [
            [
                -0.9572464227676392,
                0.2510611116886139,
                0.14369316399097443,
                0.05660072714090347
            ],
            [
                -0.10196558386087418,
                -0.7577002644538879,
                0.6445878744125366,
                0.04133950173854828
            ],
            [
                0.27070724964141846,
                0.6023776531219482,
                0.7509053945541382,
                0.4466044008731842
            ],
            [
                0.0,
                0.0,
                0.0,
                1.0
            ]
        ],
        [
            [
                -0.9917068481445312,
                0.08814983069896698,
                0.09352558851242065,
                0.05647505819797516
            ],
            [
                -0.09595632553100586,
                -0.9919573664665222,
                -0.08254090696573257,
                0.1046643778681755
            ],
            [
                0.08549743890762329,
                -0.09083075821399689,
                0.9921895265579224,
                0.4417712986469269
            ],
            [
                0.0,
                0.0,
                0.0,
                1.0
            ]
        ],
        [
            [
                0.9894789457321167,
                -0.14407767355442047,
                0.013158494606614113,
                -0.01402309350669384
            ],
            [
                0.13976433873176575,
                0.9754166007041931,
                0.17037717998027802,
                0.09525194019079208
            ],
            [
                -0.03738255798816681,
                -0.16674554347991943,
                0.9852910041809082,
                0.4387778341770172
            ],
            [
                0.0,
                0.0,
                0.0,
                1.0
            ]
        ],
        [
            [
                -0.9489191174507141,
                0.276831716299057,
                0.15138231217861176,
                0.05955902487039566
            ],
            [
                -0.12237619608640671,
                -0.7651463747024536,
                0.6321194171905518,
                0.039206236600875854
            ],
            [
                0.29082033038139343,
                0.5813046097755432,
                0.7599397301673889,
                0.45036551356315613
            ],
            [
                0.0,
                0.0,
                0.0,
                1.0
            ]
        ],
        [
            [
                0.995911717414856,
                -0.09025534987449646,
                0.003713820595294237,
                -0.014035267755389214
            ],
            [
                0.08953584730625153,
                0.9917479157447815,
                0.09175635129213333,
                0.06268534809350967
            ],
            [
                -0.011964707635343075,
                -0.0910487025976181,
                0.995774507522583,
                0.4245201349258423
            ],
            [
                0.0,
                0.0,
                0.0,
                1.0
            ]
        ],
        [
            [
                -0.8792020082473755,
                0.38941895961761475,
                0.2745117247104645,
                0.060180746018886566
            ],
            [
                -0.1522556096315384,
                -0.7755897045135498,
                0.6126000285148621,
                0.035603806376457214
            ],
            [
                0.45146656036376953,
                0.49680325388908386,
                0.7411912679672241,
                0.4550667703151703
            ],
            [
                0.0,
                0.0,
                0.0,
                1.0
            ]
        ],
        [
            [
                0.998926043510437,
                -0.045313604176044464,
                0.009667690843343735,
                -0.012861719354987144
            ],
            [
                0.04263673722743988,
                0.9806643724441528,
                0.19099590182304382,
                0.055252887308597565
            ],
            [
                -0.018135497346520424,
                -0.1903785914182663,
                0.9815431833267212,
                0.4322490394115448
            ],
            [
                0.0,
                0.0,
                0.0,
                1.0
            ]
        ],
        [
            [
                -0.8114729523658752,
                0.5819200277328491,
                0.05367334187030792,
                0.053060464560985565
            ],
            [
                -0.2440267950296402,
                -0.42087316513061523,
                0.873680055141449,
                0.07572920620441437
            ],
            [
                0.5310015082359314,
                0.6958699822425842,
                0.48353126645088196,
                0.41151341795921326
            ],
            [
                0.0,
                0.0,
                0.0,
                1.0
            ]
        ],
        [
            [
                0.9961510300636292,
                -0.07589876651763916,
                0.04384617879986763,
                -0.014420336112380028
            ],
            [
                0.08317248523235321,
                0.9763588309288025,
                -0.19951380789279938,
                0.10689996182918549
            ],
            [
                -0.027666762471199036,
                0.20239268243312836,
                0.9789135456085205,
                0.45120733976364136
            ],
            [
                0.0,
                0.0,
                0.0,
                1.0
            ]
        ],
        [
            [
                -0.6191351413726807,
                0.7849283218383789,
                0.023652344942092896,
                0.05221330374479294
            ],
            [
                -0.6044051051139832,
                -0.4955395460128784,
                0.6238070130348206,
                0.09043293446302414
            ],
            [
                0.5013644099235535,
                0.3719252347946167,
                0.781220555305481,
                0.42302101850509644
            ],
            [
                0.0,
                0.0,
                0.0,
                1.0
            ]
        ],
        [
            [
                -0.1341932862997055,
                0.9889788627624512,
                -0.06255139410495758,
                0.042308561503887177
            ],
            [
                -0.6490753889083862,
                -0.04002421349287033,
                0.7596703767776489,
                0.09158299118280411
            ],
            [
                0.7487945556640625,
                0.1425432413816452,
                0.6472928524017334,
                0.42187681794166565
            ],
            [
                0.0,
                0.0,
                0.0,
                1.0
            ]
        ],
        [
            [
                -0.23437000811100006,
                0.9709392189979553,
                -0.04845220223069191,
                0.04604046791791916
            ],
            [
                -0.5968106985092163,
                -0.10436037182807922,
                0.7955663800239563,
                0.08158928155899048
            ],
            [
                0.7673901319503784,
                0.215373694896698,
                0.603925883769989,
                0.41363486647605896
            ],
            [
                0.0,
                0.0,
                0.0,
                1.0
            ]
        ],
        [
            [
                -0.14212386310100555,
                0.989087700843811,
                -0.03880773112177849,
                0.047363828867673874
            ],
            [
                -0.7112230658531189,
                -0.07477191835641861,
                0.6989784240722656,
                0.09100482612848282
            ],
            [
                0.6884492635726929,
                0.1269424706697464,
                0.7140889167785645,
                0.421352356672287
            ],
            [
                0.0,
                0.0,
                0.0,
                1.0
            ]
        ],
        [
            [
                -0.8959346413612366,
                0.4256804883480072,
                0.126875102519989,
                0.05574512481689453
            ],
            [
                -0.29726922512054443,
                -0.7868583798408508,
                0.5408187508583069,
                0.08712336421012878
            ],
            [
                0.33004873991012573,
                0.4468221962451935,
                0.831515371799469,
                0.42506831884384155
            ],
            [
                0.0,
                0.0,
                0.0,
                1.0
            ]
        ],
        [
            [
                0.9995924234390259,
                0.02798721380531788,
                -0.005627445876598358,
                -0.012152465060353279
            ],
            [
                -0.013993545435369015,
                0.6521914601325989,
                0.7579250931739807,
                0.08319032192230225
            ],
            [
                0.024882381781935692,
                -0.7575374245643616,
                0.6523172855377197,
                0.42412108182907104
            ],
            [
                0.0,
                0.0,
                0.0,
                1.0
            ]
        ],
        [
            [
                0.9855291247367859,
                -0.14464302361011505,
                -0.08837761729955673,
                -0.010547162964940071
            ],
            [
                0.16365763545036316,
                0.9477312564849854,
                0.2739006578922272,
                0.06740419566631317
            ],
            [
                0.044140301644802094,
                -0.28440073132514954,
                0.9576888084411621,
                0.41610854864120483
            ],
            [
                0.0,
                0.0,
                0.0,
                1.0
            ]
        ],
        [
            [
                -0.13045695424079895,
                0.9912906885147095,
                -0.017991768196225166,
                0.04382949694991112
            ],
            [
                -0.6477066874504089,
                -0.07147302478551865,
                0.7585299015045166,
                0.08765126764774323
            ],
            [
                0.7506377696990967,
                0.11060888320207596,
                0.6513897776603699,
                0.4186409115791321
            ],
            [
                0.0,
                0.0,
                0.0,
                1.0
            ]
        ],
        [
            [
                0.9982596039772034,
                0.05521982163190842,
                -0.020697832107543945,
                -0.012497400864958763
            ],
            [
                -0.017430590465664864,
                0.611589789390564,
                0.7909830212593079,
                0.07775475084781647
            ],
            [
                0.05633651092648506,
                -0.78924560546875,
                0.6114879846572876,
                0.42000526189804077
            ],
            [
                0.0,
                0.0,
                0.0,
                1.0
            ]
        ]
    ],
    "width": 0.1235,
    "depth": 0.02,
    "score": 0.46576228737831116
}