{
    "transform": [
        [
            [
                0.9999172687530518,
                0.0003847127372864634,
                -0.012867741286754608,
                0.08096400648355484
            ],
            [
                0.011281873099505901,
                0.45524799823760986,
                0.8902931809425354,
                0.044395703822374344
            ],
            [
                0.006200527772307396,
                -0.8903647065162659,
                0.45520585775375366,
                0.4739789664745331
            ],
            [
                0.0,
                0.0,
                0.0,
                1.0
            ]
        ],
        [
            [
                -0.007786659989506006,
                0.9999457597732544,
                0.006916482001543045,
                -0.045343171805143356
            ],
            [
                -0.5247237682342529,
                -0.009973794221878052,
                0.8512141108512878,
                0.01548166573047638
            ],
            [
                0.8512369394302368,
                0.0029988721944391727,
                0.5247730016708374,
                0.5017609000205994
            ],
            [
                0.0,
                0.0,
                0.0,
                1.0
            ]
        ],
        [
            [
                -0.15694451332092285,
                0.9875404834747314,
                0.011507815681397915,
                0.05001850798726082
            ],
            [
                -0.8561051487922668,
                -0.14184723794460297,
                0.49695414304733276,
                0.11640449613332748
            ],
            [
                0.4923946261405945,
                0.06814232468605042,
                0.8677005767822266,
                0.4016530513763428
            ],
            [
                0.0,
                0.0,
                0.0,
                1.0
            ]
        ],
        [
            [
                -0.0747750923037529,
                0.9971994161605835,
                0.0014330616686493158,
                -0.05803687497973442
            ],
            [
                -0.5956942439079285,
                -0.04582059383392334,
                0.801903247833252,
                0.02648051083087921
            ],
            [
                0.7997231483459473,
                0.05910872295498848,
                0.5974521636962891,
                0.5112879872322083
            ],
            [
                0.0,
                0.0,
                0.0,
                1.0
            ]
        ],
        [
            [
                0.1278710812330246,
                0.9906609058380127,
                -0.047323502600193024,
                -0.06973839551210403
            ],
            [
                -0.8673896193504333,
                0.13484185934066772,
                0.4790121614933014,
                0.11947754770517349
            ],
            [
                0.4809199273586273,
                -0.020203888416290283,
                0.8765316605567932,
                0.40306127071380615
            ],
            [
                0.0,
                0.0,
                0.0,
                1.0
            ]
        ],
        [
            [
                0.9864920377731323,
                0.12873710691928864,
                -0.10129248350858688,
                0.08079453557729721
            ],
            [
                0.03761914372444153,
                0.4237847924232483,
                0.9049813747406006,
                0.03210096061229706
            ],
            [
                0.15943089127540588,
                -0.8965674638748169,
                0.41321736574172974,
                0.4855163097381592
            ],
            [
                0.0,
                0.0,
                0.0,
                1.0
            ]
        ],
        [
            [
                -0.04268433526158333,
                0.9990274906158447,
                0.011049971915781498,
                0.011700491420924664
            ],
            [
                -0.7535143494606018,
                -0.039453133940696716,
                0.656246542930603,
                0.11352809518575668
            ],
            [
                0.6560443043708801,
                0.019685134291648865,
                0.754465639591217,
                0.39322319626808167
            ],
            [
                0.0,
                0.0,
                0.0,
                1.0
            ]
        ],
        [
            [
                0.9965420961380005,
                -0.03209145739674568,
                0.07664263993501663,
                -0.102952741086483
            ],
            [
                -0.05469117313623428,
                0.44107308983802795,
                0.8958032131195068,
                0.044271111488342285
            ],
            [
                -0.06255263835191727,
                -0.8968973159790039,
                0.43779274821281433,
                0.4840379059314728
            ],
            [
                0.0,
                0.0,
                0.0,
                1.0
            ]
        ],
        [
            [
                -0.0054016695357859135,
                0.9999809861183167,
                0.0029494694899767637,
                -0.0320044606924057
            ],
            [
                -0.7673906683921814,
                -0.006036361213773489,
                0.6411513686180115,
                0.11330311000347137
            ],
            [
                0.6411570310592651,
                0.0011998924892395735,
                0.7674087285995483,
                0.3924439251422882
            ],
            [
                0.0,
                0.0,
                0.0,
                1.0
            ]
        ],
        [
            [
                0.9991692900657654,
                -0.030709441751241684,
                0.026790080592036247,
                -0.10278110951185226
            ],
            [
                -0.0009168449323624372,
                0.6402768492698669,
                0.7681435942649841,
                0.0632832869887352
            ],
            [
                -0.040742333978414536,
                -0.7675300240516663,
                0.6397168040275574,
                0.45942652225494385
            ],
            [
                0.0,
                0.0,
                0.0,
                1.0
            ]
        ],
        [
            [
                0.999157726764679,
                -0.03419710323214531,
                0.022678595036268234,
                0.08204519748687744
            ],
            [
                -0.002710361499339342,
                0.4964749217033386,
                0.8680468201637268,
                0.05999026820063591
            ],
            [
                -0.040944039821624756,
                -0.8673771619796753,
                0.4959641098976135,
                0.4652988612651825
            ],
            [
                0.0,
                0.0,
                0.0,
                1.0
            ]
        ],
        [
            [
                -0.9967918395996094,
                0.07555769383907318,
                -0.026399224996566772,
                -0.10169939696788788
            ],
            [
                -0.0696694627404213,
                -0.6567634344100952,
                0.750871479511261,
                0.05952610820531845
            ],
            [
                0.03939606994390488,
                0.7503017783164978,
                0.6599205732345581,
                0.4501562714576721
            ],
            [
                0.0,
                0.0,
                0.0,
                1.0
            ]
        ],
        [
            [
                0.9990152716636658,
                0.028098009526729584,
                0.03433404117822647,
                -0.10811121761798859
            ],
            [
                -0.04380553215742111,
                0.7473132014274597,
                0.6630263328552246,
                0.07048039883375168
            ],
            [
                -0.007028574123978615,
                -0.6638774275779724,
                0.7478082776069641,
                0.4321591258049011
            ],
            [
                0.0,
                0.0,
                0.0,
                1.0
            ]
        ],
        [
            [
                -0.024705873802304268,
                0.9996945858001709,
                -0.0005460352404043078,
                -0.04197712615132332
            ],
            [
                -0.6276858448982239,
                -0.015087146311998367,
                0.7783204913139343,
                0.02126653492450714
            ],
            [
                0.7780745029449463,
                0.019571825861930847,
                0.6278669834136963,
                0.5078672766685486
            ],
            [
                0.0,
                0.0,
                0.0,
                1.0
            ]
        ],
        [
            [
                0.9999167323112488,
                -0.012771320529282093,
                -0.0018755955388769507,
                0.0823354497551918
            ],
            [
                0.011744494549930096,
                0.8398146033287048,
                0.5427462458610535,
                0.0832967609167099
            ],
            [
                -0.005356431473046541,
                -0.5427231192588806,
                0.8398945927619934,
                0.4394775629043579
            ],
            [
                0.0,
                0.0,
                0.0,
                1.0
            ]
        ],
        [
            [
                0.09704484045505524,
                0.9952405095100403,
                -0.008867990225553513,
                0.037749845534563065
            ],
            [
                -0.5725633502006531,
                0.06311364471912384,
                0.8174276351928711,
                0.016652874648571014
            ],
            [
                0.8140968084335327,
                -0.07424964755773544,
                0.575963020324707,
                0.5037384033203125
            ],
            [
                0.0,
                0.0,
                0.0,
                1.0
            ]
        ],
        [
            [
                0.10959245264530182,
                0.9938679933547974,
                -0.014687858521938324,
                -0.05544941872358322
            ],
            [
                -0.8353484272956848,
                0.10010091960430145,
                0.5405300855636597,
                0.1220673993229866
            ],
            [
                0.5386858582496643,
                -0.04696853831410408,
                0.8411964178085327,
                0.40576454997062683
            ],
            [
                0.0,
                0.0,
                0.0,
                1.0
            ]
        ],
        [
            [
                -0.022070761770009995,
                0.9993146061897278,
                -0.02971551939845085,
                -0.01173420250415802
            ],
            [
                -0.611499547958374,
                0.010020969435572624,
                0.7911813259124756,
                0.01955527812242508
            ],
            [
                0.7909368276596069,
                0.03563300147652626,
                0.6108592748641968,
                0.5070292949676514
            ],
            [
                0.0,
                0.0,
                0.0,
                1.0
            ]
        ],
        [
            [
                -0.053248509764671326,
                0.9985479116439819,
                0.008166872896254063,
                0.01020785141736269
            ],
            [
                -0.8166683912277222,
                -0.04825310409069061,
                0.5750863552093506,
                0.1180456206202507
            ],
            [
                0.5746454000473022,
                0.023952864110469818,
                0.8180519342422485,
                0.40272194147109985
            ],
            [
                0.0,
                0.0,
                0.0,
                1.0
            ]
        ],
        [
            [
                -0.04281872510910034,
                0.9990456104278564,
                0.008623984642326832,
                -0.007371171377599239
            ],
            [
                -0.7478488683700562,
                -0.03777390718460083,
                0.6627933979034424,
                0.11402630805969238
            ],
            [
                0.6624866724014282,
                0.021930530667304993,
                0.7487525939941406,
                0.3934471309185028
            ],
            [
                0.0,
                0.0,
                0.0,
                1.0
            ]
        ],
        [
            [
                0.9996756911277771,
                -0.025116417557001114,
                -0.004217516165226698,
                0.08529217541217804
            ],
            [
                0.023523835465312004,
                0.847152054309845,
                0.5308296084403992,
                0.07403832674026489
            ],
            [
                -0.009759664535522461,
                -0.5307567119598389,
                0.8474680781364441,
                0.4252423942089081
            ],
            [
                0.0,
                0.0,
                0.0,
                1.0
            ]
        ],
        [
            [
                0.09127357602119446,
                0.9958112239837646,
                -0.005389414727687836,
                -0.050631407648324966
            ],
            [
                -0.8288763165473938,
                0.07897011190652847,
                0.5538300275802612,
                0.1138024553656578
            ],
            [
                0.5519357919692993,
                -0.046082887798547745,
                0.8326122760772705,
                0.3926747143268585
            ],
            [
                0.0,
                0.0,
                0.0,
                1.0
            ]
        ],
        [
            [
                0.9971124529838562,
                0.05036009103059769,
                -0.056838877499103546,
                0.08087828010320663
            ],
            [
                0.02840217389166355,
                0.44684189558029175,
                0.8941619992256165,
                0.03805701434612274
            ],
            [
                0.07042806595563889,
                -0.8931943774223328,
                0.44412127137184143,
                0.4796663820743561
            ],
            [
                0.0,
                0.0,
                0.0,
                1.0
            ]
        ],
        [
            [
                0.9941607117652893,
                -0.10768470168113708,
                0.006950336508452892,
                -0.10262870788574219
            ],
            [
                0.043071914464235306,
                0.45505237579345703,
                0.8894223570823669,
                0.039511315524578094
            ],
            [
                -0.0989399403333664,
                -0.883929431438446,
                0.4570334553718567,
                0.4979962110519409
            ],
            [
                0.0,
                0.0,
                0.0,
                1.0
            ]
        ],
        [
            [
                0.9992491602897644,
                -0.035856638103723526,
                -0.014673550613224506,
                0.08155325800180435
            ],
            [
                0.038394685834646225,
                0.8658312559127808,
                0.4988606572151184,
                0.08249428123235703
            ],
            [
                -0.005182649940252304,
                -0.49904948472976685,
                0.8665579557418823,
                0.43024083971977234
            ],
            [
                0.0,
                0.0,
                0.0,
                1.0
            ]
        ],
        [
            [
                0.08072308450937271,
                0.9962886571884155,
                -0.029878312721848488,
                -0.05386866256594658
            ],
            [
                -0.8385083675384521,
                0.0840843915939331,
                0.5383619666099548,
                0.12719126045703888
            ],
            [
                0.5388762354850769,
                -0.018405022099614143,
                0.8421838283538818,
                0.4107598662376404
            ],
            [
                0.0,
                0.0,
                0.0,
                1.0
            ]
        ],
        [
            [
                0.9994336366653442,
                -0.017801035195589066,
                -0.028556404635310173,
                0.08144129812717438
            ],
            [
                0.03363722935318947,
                0.5521745085716248,
                0.8330497145652771,
                0.05245755985379219
            ],
            [
                0.0009389698971062899,
                -0.8335384130477905,
                0.5524606108665466,
                0.4533732235431671
            ],
            [
                0.0,
                0.0,
                0.0,
                1.0
            ]
        ],
        [
            [
                -0.02802276611328125,
                0.9959012866020203,
                -0.08599670976400375,
                -0.009133859537541866
            ],
            [
                -0.5964792370796204,
                0.05237596854567528,
                0.8009178042411804,
                0.03539058566093445
            ],
            [
                0.802139163017273,
                0.0737391859292984,
                0.5925666689872742,
                0.5180040001869202
            ],
            [
                0.0,
                0.0,
                0.0,
                1.0
            ]
        ],
        [
            [
                -0.09262225776910782,
                0.9953060150146484,
                0.028051521629095078,
                0.02774631604552269
            ],
            [
                -0.8246778249740601,
                -0.09247010946273804,
                0.5579925775527954,
                0.12126756459474564
            ],
            [
                0.5579673647880554,
                0.028549063950777054,
                0.8293716311454773,
                0.40608078241348267
            ],
            [
                0.0,
                0.0,
                0.0,
                1.0
            ]
        ],
        [
            [
                0.9988857507705688,
                0.03141952306032181,
                0.035213273018598557,
                -0.10152922570705414
            ],
            [
                -0.04009924829006195,
                0.9585031867027283,
                0.2822474539279938,
                0.10199247300624847
            ],
            [
                -0.024883951991796494,
                -0.28334498405456543,
                0.9586951732635498,
                0.42850059270858765
            ],
            [
                0.0,
                0.0,
                0.0,
                1.0
            ]
        ]
    ],
    "width": 0.1235,
    "depth": 0.02,
    "score": 0.8840128183364868
}