{
    "transform": [
        [
            [
                0.8028367161750793,
                0.5846567749977112,
                -0.1167469397187233,
                0.00852970965206623
            ],
            [
                -0.28241774439811707,
                0.5453940033912659,
                0.7891677618026733,
                0.05017033591866493
            ],
            [
                0.5250653028488159,
                -0.6006014943122864,
                0.6029796600341797,
                0.4552857577800751
            ],
            [
                0.0,
                0.0,
                0.0,
                1.0
            ]
        ],
        [
            [
                -0.7779262661933899,
                0.6203911900520325,
                -0.09972704201936722,
                0.013506034389138222
            ],
            [
                -0.5400384664535522,
                -0.578975260257721,
                0.610856831073761,
                0.07450947910547256
            ],
            [
                0.3212307393550873,
                0.529058039188385,
                0.785435140132904,
                0.4225991368293762
            ],
            [
                0.0,
                0.0,
                0.0,
                1.0
            ]
        ],
        [
            [
                0.9383394718170166,
                0.1192811131477356,
                -0.324485719203949,
                0.016050105914473534
            ],
            [
                0.15470193326473236,
                0.6945018768310547,
                0.7026623487472534,
                0.05203666910529137
            ],
            [
                0.30917030572891235,
                -0.7095343470573425,
                0.6332255601882935,
                0.44132930040359497
            ],
            [
                0.0,
                0.0,
                0.0,
                1.0
            ]
        ],
        [
            [
                -0.7896233201026917,
                0.609980583190918,
                0.0664752647280693,
                -0.05405973643064499
            ],
            [
                -0.2925965487957001,
                -0.46954914927482605,
                0.8330132365226746,
                0.07052886486053467
            ],
            [
                0.5393351912498474,
                0.63831627368927,
                0.5492450594902039,
                0.4671790599822998
            ],
            [
                0.0,
                0.0,
                0.0,
                1.0
            ]
        ],
        [
            [
                0.994783341884613,
                -0.07115314900875092,
                0.07309754937887192,
                -0.05814716964960098
            ],
            [
                -0.016099000349640846,
                0.5980873107910156,
                0.8012693524360657,
                0.07937653362751007
            ],
            [
                -0.10073152929544449,
                -0.7982661724090576,
                0.5938218235969543,
                0.45880645513534546
            ],
            [
                0.0,
                0.0,
                0.0,
                1.0
            ]
        ],
        [
            [
                0.9721148014068604,
                0.11926674097776413,
                -0.20191161334514618,
                0.01424163393676281
            ],
            [
                0.09721269458532333,
                0.5785918831825256,
                0.8098031878471375,
                0.05794360861182213
            ],
            [
                0.2134069949388504,
                -0.806850016117096,
                0.5508634448051453,
                0.4456157982349396
            ],
            [
                0.0,
                0.0,
                0.0,
                1.0
            ]
        ],
        [
            [
                -0.84811931848526,
                0.5257906317710876,
                0.06509999185800552,
                -0.05660959333181381
            ],
            [
                -0.2712251842021942,
                -0.5364435315132141,
                0.7991653680801392,
                0.055611539632081985
            ],
            [
                0.4551161527633667,
                0.6601308584213257,
                0.5975756645202637,
                0.4505924880504608
            ],
            [
                0.0,
                0.0,
                0.0,
                1.0
            ]
        ],
        [
            [
                -0.7020576596260071,
                0.7020331025123596,
                -0.11943551152944565,
                0.0106354970484972
            ],
            [
                -0.6174740791320801,
                -0.5165776610374451,
                0.5931892395019531,
                0.07767851650714874
            ],
            [
                0.35474076867103577,
                0.4902013838291168,
                0.7961543798446655,
                0.4195934534072876
            ],
            [
                0.0,
                0.0,
                0.0,
                1.0
            ]
        ],
        [
            [
                0.9805532097816467,
                0.17328229546546936,
                0.09213393181562424,
                -0.059264056384563446
            ],
            [
                -0.19165033102035522,
                0.7443922162055969,
                0.6396486163139343,
                0.08382956683635712
            ],
            [
                0.042256005108356476,
                -0.6448670029640198,
                0.7631257772445679,
                0.43720492720603943
            ],
            [
                0.0,
                0.0,
                0.0,
                1.0
            ]
        ],
        [
            [
                -0.7806968092918396,
                0.6235271096229553,
                0.04154912382364273,
                -0.05311077833175659
            ],
            [
                -0.343807190656662,
                -0.4840872287750244,
                0.8046465516090393,
                0.056140728294849396
            ],
            [
                0.5218323469161987,
                0.6139000654220581,
                0.5922985076904297,
                0.4589782655239105
            ],
            [
                0.0,
                0.0,
                0.0,
                1.0
            ]
        ],
        [
            [
                -0.614305853843689,
                0.7868237495422363,
                0.05947041139006615,
                -0.04463418945670128
            ],
            [
                -0.4267273545265198,
                -0.3946670889854431,
                0.8137208819389343,
                0.04310876876115799
            ],
            [
                0.6637259125709534,
                0.4744958281517029,
                0.5782055258750916,
                0.46023935079574585
            ],
            [
                0.0,
                0.0,
                0.0,
                1.0
            ]
        ],
        [
            [
                0.7495241761207581,
                0.660921037197113,
                0.03737463057041168,
                -0.03056636080145836
            ],
            [
                -0.5308886766433716,
                0.5664142370223999,
                0.6303428411483765,
                0.09442804008722305
            ],
            [
                0.3954373300075531,
                -0.49229896068573,
                0.7754166722297668,
                0.41396889090538025
            ],
            [
                0.0,
                0.0,
                0.0,
                1.0
            ]
        ],
        [
            [
                0.49225670099258423,
                0.870248019695282,
                0.01875186897814274,
                -0.04191293567419052
            ],
            [
                -0.6953720450401306,
                0.3801971971988678,
                0.6098423600196838,
                0.08700723201036453
            ],
            [
                0.5235847234725952,
                -0.3132385313510895,
                0.792300820350647,
                0.41338911652565
            ],
            [
                0.0,
                0.0,
                0.0,
                1.0
            ]
        ],
        [
            [
                0.6440603137016296,
                0.763483464717865,
                -0.04774170741438866,
                -0.052719421684741974
            ],
            [
                -0.6487733721733093,
                0.5782283544540405,
                0.4947171211242676,
                0.07425907999277115
            ],
            [
                0.40531396865844727,
                -0.2876541018486023,
                0.8677417039871216,
                0.41597917675971985
            ],
            [
                0.0,
                0.0,
                0.0,
                1.0
            ]
        ],
        [
            [
                0.9209420084953308,
                -0.11593345552682877,
                -0.37205567955970764,
                0.016330095008015633
            ],
            [
                0.33552810549736023,
                0.7214816212654114,
                0.6057105660438538,
                0.05715029314160347
            ],
            [
                0.19820918142795563,
                -0.6826594471931458,
                0.703341543674469,
                0.43582141399383545
            ],
            [
                0.0,
                0.0,
                0.0,
                1.0
            ]
        ],
        [
            [
                0.9965000152587891,
                -0.011840671300888062,
                0.08274977654218674,
                -0.05937947332859039
            ],
            [
                -0.051558323204517365,
                0.6921389102935791,
                0.7199204564094543,
                0.06420140713453293
            ],
            [
                -0.06579868495464325,
                -0.7216671705245972,
                0.6891059279441833,
                0.4380563497543335
            ],
            [
                0.0,
                0.0,
                0.0,
                1.0
            ]
        ],
        [
            [
                0.6172025203704834,
                0.786766767501831,
                -0.007676580920815468,
                0.0005123354494571686
            ],
            [
                -0.4464883804321289,
                0.3582612872123718,
                0.8199371099472046,
                0.04917987063527107
            ],
            [
                0.6478495597839355,
                -0.5026397705078125,
                0.5724021196365356,
                0.4648932218551636
            ],
            [
                0.0,
                0.0,
                0.0,
                1.0
            ]
        ],
        [
            [
                0.19653108716011047,
                0.9797618389129639,
                0.037978481501340866,
                -0.012639785185456276
            ],
            [
                -0.532953679561615,
                0.07423293590545654,
                0.8428818583488464,
                0.05582080036401749
            ],
            [
                0.8230042457580566,
                -0.185893252491951,
                0.5367567539215088,
                0.47788920998573303
            ],
            [
                0.0,
                0.0,
                0.0,
                1.0
            ]
        ],
        [
            [
                -0.7359288334846497,
                0.6647184491157532,
                -0.12867818772792816,
                0.011807048693299294
            ],
            [
                -0.5625752210617065,
                -0.494597852230072,
                0.6624817252159119,
                0.0845310166478157
            ],
            [
                0.3767198622226715,
                0.5599305629730225,
                0.7379429340362549,
                0.4285486340522766
            ],
            [
                0.0,
                0.0,
                0.0,
                1.0
            ]
        ],
        [
            [
                -0.7098253965377808,
                0.7041880488395691,
                -0.016338564455509186,
                -0.012326220981776714
            ],
            [
                -0.6073264479637146,
                -0.6001093983650208,
                0.520598828792572,
                0.09494919329881668
            ],
            [
                0.3567945659160614,
                0.37945711612701416,
                0.8536450266838074,
                0.4142523407936096
            ],
            [
                0.0,
                0.0,
                0.0,
                1.0
            ]
        ],
        [
            [
                0.9954326152801514,
                -0.06428282707929611,
                0.07058043777942657,
                -0.059215009212493896
            ],
            [
                -0.009238552302122116,
                0.6709858775138855,
                0.7414126396179199,
                0.06557117402553558
            ],
            [
                -0.09501856565475464,
                -0.7386783957481384,
                0.667327344417572,
                0.44406363368034363
            ],
            [
                0.0,
                0.0,
                0.0,
                1.0
            ]
        ],
        [
            [
                -0.031438522040843964,
                0.9977582693099976,
                0.05907604843378067,
                -0.01926834136247635
            ],
            [
                -0.5099499225616455,
                -0.06684570759534836,
                0.8576028943061829,
                0.04686481133103371
            ],
            [
                0.8596293330192566,
                -0.00316405831836164,
                0.510908305644989,
                0.47254306077957153
            ],
            [
                0.0,
                0.0,
                0.0,
                1.0
            ]
        ],
        [
            [
                0.7597624659538269,
                0.6486182808876038,
                0.04533403739333153,
                -0.05142151191830635
            ],
            [
                -0.5315141081809998,
                0.5794058442115784,
                0.6178846955299377,
                0.09616879373788834
            ],
            [
                0.37450456619262695,
                -0.49354127049446106,
                0.7849606275558472,
                0.4320359230041504
            ],
            [
                0.0,
                0.0,
                0.0,
                1.0
            ]
        ],
        [
            [
                0.23319053649902344,
                0.9721674919128418,
                0.02263866923749447,
                -0.011492189019918442
            ],
            [
                -0.5172629356384277,
                0.10429319739341736,
                0.849448025226593,
                0.05118797346949577
            ],
            [
                0.823444664478302,
                -0.20979337394237518,
                0.5271864533424377,
                0.47400060296058655
            ],
            [
                0.0,
                0.0,
                0.0,
                1.0
            ]
        ],
        [
            [
                0.736308217048645,
                0.6764267086982727,
                0.017237087711691856,
                -0.05332037806510925
            ],
            [
                -0.5582855939865112,
                0.5929206609725952,
                0.580312192440033,
                0.08511801809072495
            ],
            [
                0.38231849670410156,
                -0.43691185116767883,
                0.8142116665840149,
                0.42441150546073914
            ],
            [
                0.0,
                0.0,
                0.0,
                1.0
            ]
        ],
        [
            [
                0.515280544757843,
                0.8569592237472534,
                0.010331952944397926,
                -0.0041117798537015915
            ],
            [
                -0.46326711773872375,
                0.26837465167045593,
                0.844605565071106,
                0.046253446489572525
            ],
            [
                0.7210197448730469,
                -0.43999528884887695,
                0.5352893471717834,
                0.4663786292076111
            ],
            [
                0.0,
                0.0,
                0.0,
                1.0
            ]
        ],
        [
            [
                0.9311803579330444,
                0.2956753075122833,
                -0.21325846016407013,
                0.012838223949074745
            ],
            [
                0.012722612358629704,
                0.5582640171051025,
                0.8295657634735107,
                0.05381704866886139
            ],
            [
                0.36433666944503784,
                -0.7751885652542114,
                0.516082763671875,
                0.44805407524108887
            ],
            [
                0.0,
                0.0,
                0.0,
                1.0
            ]
        ],
        [
            [
                -0.7191006541252136,
                0.6937525272369385,
                0.0400211438536644,
                -0.05053659901022911
            ],
            [
                -0.33528295159339905,
                -0.3968258798122406,
                0.8544674515724182,
                0.05614682659506798
            ],
            [
                0.6086703538894653,
                0.6010296940803528,
                0.5179611444473267,
                0.463201105594635
            ],
            [
                0.0,
                0.0,
                0.0,
                1.0
            ]
        ],
        [
            [
                -0.14570285379886627,
                0.9875810742378235,
                0.05877358093857765,
                -0.02283884584903717
            ],
            [
                -0.488209992647171,
                -0.12344416230916977,
                0.8639517426490784,
                0.044635627418756485
            ],
            [
                0.8604776263237,
                0.09718639403581619,
                0.5001330375671387,
                0.4709993004798889
            ],
            [
                0.0,
                0.0,
                0.0,
                1.0
            ]
        ],
        [
            [
                0.8698233366012573,
                0.4898696541786194,
                0.0586092583835125,
                -0.05453259497880936
            ],
            [
                -0.4020126163959503,
                0.6348848342895508,
                0.6597779989242554,
                0.09279290586709976
            ],
            [
                0.28599512577056885,
                -0.5974519848823547,
                0.7491714358329773,
                0.43406030535697937
            ],
            [
                0.0,
                0.0,
                0.0,
                1.0
            ]
        ]
    ],
    "width": 0.1235,
    "depth": 0.02,
    "score": 0.8894686102867126
}