{
    "transform": [
        [
            [
                0.42196622490882874,
                0.9065622687339783,
                0.009455438703298569,
                -0.0107737360522151
            ],
            [
                -0.4228951930999756,
                0.18759305775165558,
                0.886548638343811,
                0.07900043576955795
            ],
            [
                0.8019377589225769,
                -0.3780922591686249,
                0.4625387489795685,
                0.4073370099067688
            ],
            [
                0.0,
                0.0,
                0.0,
                1.0
            ]
        ],
        [
            [
                0.01847650855779648,
                0.9994847774505615,
                -0.02624281495809555,
                0.014977991580963135
            ],
            [
                -0.5499970316886902,
                0.03207949921488762,
                0.8345502614974976,
                0.08532164990901947
            ],
            [
                0.8349621891975403,
                -0.0009861050639301538,
                0.5503063201904297,
                0.41184940934181213
            ],
            [
                0.0,
                0.0,
                0.0,
                1.0
            ]
        ],
        [
            [
                0.9939061403274536,
                0.07413876801729202,
                -0.0815720409154892,
                -0.03356589749455452
            ],
            [
                -0.02463037706911564,
                0.8706799745559692,
                0.491232693195343,
                0.05839031934738159
            ],
            [
                0.10744255781173706,
                -0.4862300455570221,
                0.8672002553939819,
                0.41722869873046875
            ],
            [
                0.0,
                0.0,
                0.0,
                1.0
            ]
        ],
        [
            [
                0.4653474688529968,
                0.8822130560874939,
                -0.07177462428808212,
                -0.020638715475797653
            ],
            [
                -0.49866992235183716,
                0.32830312848091125,
                0.8022127151489258,
                0.08942656219005585
            ],
            [
                0.7312864661216736,
                -0.33751580119132996,
                0.5927082896232605,
                0.4161682724952698
            ],
            [
                0.0,
                0.0,
                0.0,
                1.0
            ]
        ],
        [
            [
                -0.1638002246618271,
                0.9856547117233276,
                -0.040671221911907196,
                0.01611945778131485
            ],
            [
                -0.526407778263092,
                -0.05246424302458763,
                0.8486119508743286,
                0.07835156470537186
            ],
            [
                0.834304690361023,
                0.1604124754667282,
                0.5274500250816345,
                0.406299889087677
            ],
            [
                0.0,
                0.0,
                0.0,
                1.0
            ]
        ],
        [
            [
                0.9712290167808533,
                0.11762360483407974,
                -0.2070719301700592,
                -0.03412618115544319
            ],
            [
                0.039647821336984634,
                0.7775145173072815,
                0.6276138424873352,
                0.06779735535383224
            ],
            [
                0.23482361435890198,
                -0.6177667379379272,
                0.7504812479019165,
                0.4074486494064331
            ],
            [
                0.0,
                0.0,
                0.0,
                1.0
            ]
        ],
        [
            [
                0.9642500281333923,
                0.2523936629295349,
                -0.08074255287647247,
                -0.037543099373579025
            ],
            [
                -0.09746268391609192,
                0.6211187243461609,
                0.7776325941085815,
                0.07782639563083649
            ],
            [
                0.24642027914524078,
                -0.7419629096984863,
                0.6235126852989197,
                0.4154464304447174
            ],
            [
                0.0,
                0.0,
                0.0,
                1.0
            ]
        ],
        [
            [
                0.9382482171058655,
                0.34414392709732056,
                -0.035429324954748154,
                -0.03180697560310364
            ],
            [
                -0.14914490282535553,
                0.49475613236427307,
                0.8561379313468933,
                0.07615084201097488
            ],
            [
                0.3121635615825653,
                -0.7979857325553894,
                0.5155313611030579,
                0.4065021276473999
            ],
            [
                0.0,
                0.0,
                0.0,
                1.0
            ]
        ],
        [
            [
                -0.8885603547096252,
                0.457989901304245,
                0.026563357561826706,
                0.03158451244235039
            ],
            [
                -0.24585777521133423,
                -0.5242823362350464,
                0.8152801990509033,
                0.08238711953163147
            ],
            [
                0.38731685280799866,
                0.7178948521614075,
                0.5784569382667542,
                0.415359228849411
            ],
            [
                0.0,
                0.0,
                0.0,
                1.0
            ]
        ],
        [
            [
                0.9999303817749023,
                -0.010687550529837608,
                0.00499425083398819,
                -0.037645675241947174
            ],
            [
                0.006316903978586197,
                0.8426299095153809,
                0.5384559631347656,
                0.05269930139183998
            ],
            [
                -0.009963084012269974,
                -0.5383869409561157,
                0.8426387906074524,
                0.4269960820674896
            ],
            [
                0.0,
                0.0,
                0.0,
                1.0
            ]
        ],
        [
            [
                -0.8175743818283081,
                0.5746662020683289,
                0.03648151457309723,
                0.029818246141076088
            ],
            [
                -0.2594616413116455,
                -0.424212247133255,
                0.8675965070724487,
                0.07905656099319458
            ],
            [
                0.5140542387962341,
                0.699859082698822,
                0.49592891335487366,
                0.4099557101726532
            ],
            [
                0.0,
                0.0,
                0.0,
                1.0
            ]
        ],
        [
            [
                0.9996888637542725,
                -0.024942707270383835,
                -0.0003148126706946641,
                -0.0377035066485405
            ],
            [
                0.014630272053182125,
                0.5760570764541626,
                0.8172785043716431,
                0.047721751034259796
            ],
            [
                -0.020203785970807076,
                -0.817028820514679,
                0.5762427449226379,
                0.4330653250217438
            ],
            [
                0.0,
                0.0,
                0.0,
                1.0
            ]
        ],
        [
            [
                -0.9776337146759033,
                -0.16178256273269653,
                0.1343824565410614,
                0.03223844990134239
            ],
            [
                0.2045747935771942,
                -0.5832526087760925,
                0.7861077785491943,
                0.038096629083156586
            ],
            [
                -0.048799604177474976,
                0.7960167527198792,
                0.6033040881156921,
                0.4432298541069031
            ],
            [
                0.0,
                0.0,
                0.0,
                1.0
            ]
        ],
        [
            [
                0.9111242294311523,
                0.40102046728134155,
                -0.0950542464852333,
                -0.030225414782762527
            ],
            [
                -0.25390738248825073,
                0.7278650999069214,
                0.6369799375534058,
                0.09531790763139725
            ],
            [
                0.32462868094444275,
                -0.5562328696250916,
                0.7649974822998047,
                0.42194679379463196
            ],
            [
                0.0,
                0.0,
                0.0,
                1.0
            ]
        ],
        [
            [
                0.5241227149963379,
                0.850989043712616,
                -0.03336344286799431,
                -0.019036458805203438
            ],
            [
                -0.43631818890571594,
                0.30195868015289307,
                0.8476127982139587,
                0.08293725550174713
            ],
            [
                0.7313835620880127,
                -0.42969605326652527,
                0.5295653343200684,
                0.4112781584262848
            ],
            [
                0.0,
                0.0,
                0.0,
                1.0
            ]
        ],
        [
            [
                -0.9756509065628052,
                -0.18008305132389069,
                0.12520243227481842,
                0.031487103551626205
            ],
            [
                0.21103593707084656,
                -0.615281879901886,
                0.7595340609550476,
                0.04117181524634361
            ],
            [
                -0.05974442884325981,
                0.7674623131752014,
                0.6383041739463806,
                0.4395599663257599
            ],
            [
                0.0,
                0.0,
                0.0,
                1.0
            ]
        ],
        [
            [
                0.08868231624364853,
                0.995875895023346,
                0.019143138080835342,
                0.00759113859385252
            ],
            [
                -0.4606471657752991,
                0.023965150117874146,
                0.8872597217559814,
                0.07679770141839981
            ],
            [
                0.8831418752670288,
                -0.08750247955322266,
                0.46087267994880676,
                0.4051882326602936
            ],
            [
                0.0,
                0.0,
                0.0,
                1.0
            ]
        ],
        [
            [
                0.8055338263511658,
                0.5911911725997925,
                -0.04010338708758354,
                -0.027085695415735245
            ],
            [
                -0.39687579870224,
                0.5885465741157532,
                0.7043454647064209,
                0.08951263129711151
            ],
            [
                0.44000551104545593,
                -0.5514580607414246,
                0.7087236642837524,
                0.4165688157081604
            ],
            [
                0.0,
                0.0,
                0.0,
                1.0
            ]
        ],
        [
            [
                0.7631354928016663,
                0.6213883757591248,
                -0.17748382687568665,
                -0.017529089003801346
            ],
            [
                -0.37740859389305115,
                0.651479184627533,
                0.6581317782402039,
                0.09271148592233658
            ],
            [
                0.52458256483078,
                -0.43525978922843933,
                0.7316843271255493,
                0.4185762107372284
            ],
            [
                0.0,
                0.0,
                0.0,
                1.0
            ]
        ],
        [
            [
                0.9547086358070374,
                0.2786174416542053,
                -0.10442063957452774,
                -0.03732890635728836
            ],
            [
                -0.11422906070947647,
                0.6672605276107788,
                0.7360129952430725,
                0.08156339079141617
            ],
            [
                0.2747418284416199,
                -0.6907501220703125,
                0.6688656210899353,
                0.41817593574523926
            ],
            [
                0.0,
                0.0,
                0.0,
                1.0
            ]
        ],
        [
            [
                0.8308982849121094,
                0.5555893778800964,
                -0.030470842495560646,
                -0.02661501243710518
            ],
            [
                -0.31187427043914795,
                0.5103687047958374,
                0.8014101386070251,
                0.08074013143777847
            ],
            [
                0.46080636978149414,
                -0.6563872694969177,
                0.5973384976387024,
                0.409329891204834
            ],
            [
                0.0,
                0.0,
                0.0,
                1.0
            ]
        ],
        [
            [
                0.5544548034667969,
                0.832034707069397,
                -0.017264196649193764,
                -0.023300502449274063
            ],
            [
                -0.4494383633136749,
                0.31682929396629333,
                0.835239052772522,
                0.07751214504241943
            ],
            [
                0.7004177570343018,
                -0.4553431272506714,
                0.5496158599853516,
                0.40659376978874207
            ],
            [
                0.0,
                0.0,
                0.0,
                1.0
            ]
        ],
        [
            [
                0.9944759607315063,
                0.08772371709346771,
                -0.05763903260231018,
                -0.037160348147153854
            ],
            [
                0.01637834869325161,
                0.41271376609802246,
                0.9107135534286499,
                0.038134895265102386
            ],
            [
                0.1036795973777771,
                -0.9066267609596252,
                0.4089970886707306,
                0.4436750113964081
            ],
            [
                0.0,
                0.0,
                0.0,
                1.0
            ]
        ],
        [
            [
                0.9412731528282166,
                0.31098034977912903,
                -0.1315140426158905,
                -0.035331059247255325
            ],
            [
                -0.14859282970428467,
                0.731282114982605,
                0.6656925678253174,
                0.09064407646656036
            ],
            [
                0.3031911849975586,
                -0.6070564985275269,
                0.7345457673072815,
                0.421834260225296
            ],
            [
                0.0,
                0.0,
                0.0,
                1.0
            ]
        ],
        [
            [
                -0.9832382798194885,
                0.1437021642923355,
                0.11221497505903244,
                0.033261194825172424
            ],
            [
                -0.13320405781269073,
                -0.9864221811294556,
                0.09606263786554337,
                0.09597384929656982
            ],
            [
                0.12449575215578079,
                0.07950497418642044,
                0.9890297055244446,
                0.4311601221561432
            ],
            [
                0.0,
                0.0,
                0.0,
                1.0
            ]
        ],
        [
            [
                -0.18255294859409332,
                0.9816114902496338,
                -0.05579619109630585,
                0.021376412361860275
            ],
            [
                -0.6511681079864502,
                -0.07819020748138428,
                0.7548949122428894,
                0.08640766888856888
            ],
            [
                0.736650824546814,
                0.17414098978042603,
                0.6534680128097534,
                0.41270121932029724
            ],
            [
                0.0,
                0.0,
                0.0,
                1.0
            ]
        ],
        [
            [
                0.9897194504737854,
                0.1085038036108017,
                -0.09317901730537415,
                -0.03762952983379364
            ],
            [
                -0.06232449784874916,
                0.9135840535163879,
                0.4018455743789673,
                0.09030291438102722
            ],
            [
                0.12872862815856934,
                -0.3919070363044739,
                0.9109543561935425,
                0.42681294679641724
            ],
            [
                0.0,
                0.0,
                0.0,
                1.0
            ]
        ],
        [
            [
                0.9366176128387451,
                0.3466244637966156,
                -0.05097818747162819,
                -0.034524865448474884
            ],
            [
                -0.14230047166347504,
                0.5093334913253784,
                0.848722517490387,
                0.08039950579404831
            ],
            [
                0.3201529085636139,
                -0.7876741886138916,
                0.5263755917549133,
                0.4122087359428406
            ],
            [
                0.0,
                0.0,
                0.0,
                1.0
            ]
        ],
        [
            [
                0.9798018336296082,
                0.1761208027601242,
                -0.09470881521701813,
                -0.03726895898580551
            ],
            [
                -0.08330785483121872,
                0.7900596261024475,
                0.6073430776596069,
                0.08710851520299911
            ],
            [
                0.18179135024547577,
                -0.5871858596801758,
                0.7887741923332214,
                0.4227231740951538
            ],
            [
                0.0,
                0.0,
                0.0,
                1.0
            ]
        ],
        [
            [
                0.9844415187835693,
                -0.008642769418656826,
                -0.17549985647201538,
                -0.03579164296388626
            ],
            [
                0.08544821292161942,
                0.8962840437889099,
                0.43517059087753296,
                0.06614074856042862
            ],
            [
                0.15353667736053467,
                -0.4433961510658264,
                0.8830777406692505,
                0.41110551357269287
            ],
            [
                0.0,
                0.0,
                0.0,
                1.0
            ]
        ]
    ],
    "width": 0.1235,
    "depth": 0.02,
    "score": 0.667328953742981
}