{
    "transform": [
        [
            [
                -0.635502278804779,
                0.7706924676895142,
                0.04658152535557747,
                0.04815128445625305
            ],
            [
                -0.5781282782554626,
                -0.5149702429771423,
                0.6329085826873779,
                0.09723814576864243
            ],
            [
                0.5117659568786621,
                0.37528476119041443,
                0.7728239893913269,
                0.42835763096809387
            ],
            [
                0.0,
                0.0,
                0.0,
                1.0
            ]
        ],
        [
            [
                0.9686444997787476,
                0.20505379140377045,
                -0.14028792083263397,
                -0.014635274186730385
            ],
            [
                -0.08489042520523071,
                0.8038240671157837,
                0.5887786746025085,
                0.0907307118177414
            ],
            [
                0.23349814116954803,
                -0.5584080815315247,
                0.7960269451141357,
                0.4426683187484741
            ],
            [
                0.0,
                0.0,
                0.0,
                1.0
            ]
        ],
        [
            [
                -0.3580412268638611,
                0.9336426258087158,
                -0.010855542495846748,
                0.0271726306527853
            ],
            [
                -0.6547244787216187,
                -0.24275638163089752,
                0.7158248424530029,
                0.10774404555559158
            ],
            [
                0.6656892895698547,
                0.26340219378471375,
                0.6981955766677856,
                0.42511114478111267
            ],
            [
                0.0,
                0.0,
                0.0,
                1.0
            ]
        ],
        [
            [
                0.7626896500587463,
                0.6387168169021606,
                -0.10171150416135788,
                0.0004796534776687622
            ],
            [
                -0.5406069755554199,
                0.7158989906311035,
                0.4418514370918274,
                0.11126965284347534
            ],
            [
                0.35503309965133667,
                -0.2820095717906952,
                0.8913035988807678,
                0.43523699045181274
            ],
            [
                0.0,
                0.0,
                0.0,
                1.0
            ]
        ],
        [
            [
                -0.7585633993148804,
                0.6507331132888794,
                -0.03358400985598564,
                0.05089917033910751
            ],
            [
                -0.48389625549316406,
                -0.5280649662017822,
                0.6978479027748108,
                0.09655720740556717
            ],
            [
                0.43637821078300476,
                0.5456131100654602,
                0.7154580950737,
                0.4316440224647522
            ],
            [
                0.0,
                0.0,
                0.0,
                1.0
            ]
        ],
        [
            [
                -0.8467541933059692,
                0.5297834873199463,
                0.04834131523966789,
                0.0542571023106575
            ],
            [
                -0.40249595046043396,
                -0.6974167227745056,
                0.5929645895957947,
                0.09736354649066925
            ],
            [
                0.3478568494319916,
                0.48263809084892273,
                0.803776204586029,
                0.43957945704460144
            ],
            [
                0.0,
                0.0,
                0.0,
                1.0
            ]
        ],
        [
            [
                -0.6058363914489746,
                0.7927970886230469,
                0.06659623980522156,
                0.043160125613212585
            ],
            [
                -0.6285828948020935,
                -0.5282942056655884,
                0.5707790851593018,
                0.10480821877717972
            ],
            [
                0.4876944124698639,
                0.30393746495246887,
                0.8183985352516174,
                0.4303681254386902
            ],
            [
                0.0,
                0.0,
                0.0,
                1.0
            ]
        ],
        [
            [
                0.3042415380477905,
                0.922278881072998,
                -0.23840883374214172,
                0.008066577836871147
            ],
            [
                -0.7464919686317444,
                0.386301726102829,
                0.5417755842208862,
                0.11197321116924286
            ],
            [
                0.5917659401893616,
                0.013139639981091022,
                0.8060027360916138,
                0.4305654764175415
            ],
            [
                0.0,
                0.0,
                0.0,
                1.0
            ]
        ],
        [
            [
                0.8786527514457703,
                0.4067283272743225,
                -0.25008252263069153,
                -0.011388355866074562
            ],
            [
                -0.1966295689344406,
                0.7855414748191833,
                0.5867378115653992,
                0.0868285670876503
            ],
            [
                0.43509310483932495,
                -0.46636518836021423,
                0.7701930999755859,
                0.43057480454444885
            ],
            [
                0.0,
                0.0,
                0.0,
                1.0
            ]
        ],
        [
            [
                -0.40796682238578796,
                0.9084025621414185,
                0.09147532284259796,
                0.036101967096328735
            ],
            [
                -0.6980026364326477,
                -0.374912828207016,
                0.6101087331771851,
                0.10501464456319809
            ],
            [
                0.5885195732116699,
                0.18505410850048065,
                0.7870194315910339,
                0.42544057965278625
            ],
            [
                0.0,
                0.0,
                0.0,
                1.0
            ]
        ],
        [
            [
                0.6778892278671265,
                0.7194756865501404,
                -0.1510658860206604,
                -0.0
            ],
            [
                -0.5401732325553894,
                0.6268458962440491,
                0.5614953637123108,
                0.10519429296255112
            ],
            [
                0.4986773729324341,
                -0.2990299165248871,
                0.8135735988616943,
                0.4280794560909271
            ],
            [
                0.0,
                0.0,
                0.0,
                1.0
            ]
        ],
        [
            [
                0.38920706510543823,
                0.8944124579429626,
                -0.220327228307724,
                0.006557779386639595
            ],
            [
                -0.6536852717399597,
                0.43670257925987244,
                0.6180504560470581,
                0.10678871721029282
            ],
            [
                0.6490095257759094,
                -0.09652494639158249,
                0.7546319961547852,
                0.42503783106803894
            ],
            [
                0.0,
                0.0,
                0.0,
                1.0
            ]
        ],
        [
            [
                0.6236780285835266,
                0.7613217234611511,
                -0.17724278569221497,
                0.0027943868190050125
            ],
            [
                -0.49333852529525757,
                0.5592488050460815,
                0.6662266254425049,
                0.1019861251115799
            ],
            [
                0.6063355207443237,
                -0.3280702233314514,
                0.7243805527687073,
                0.42260441184043884
            ],
            [
                0.0,
                0.0,
                0.0,
                1.0
            ]
        ],
        [
            [
                0.9178889393806458,
                0.3444453775882721,
                -0.19707165658473969,
                -0.01298348419368267
            ],
            [
                -0.1837124079465866,
                0.809013843536377,
                0.5583425164222717,
                0.0899147167801857
            ],
            [
                0.3517521619796753,
                -0.4762918949127197,
                0.8058637976646423,
                0.43634119629859924
            ],
            [
                0.0,
                0.0,
                0.0,
                1.0
            ]
        ],
        [
            [
                -0.8199821710586548,
                0.5663925409317017,
                0.08263515681028366,
                0.052485428750514984
            ],
            [
                -0.3338080942630768,
                -0.5904673933982849,
                0.7347926497459412,
                0.08888640999794006
            ],
            [
                0.46497446298599243,
                0.5749326348304749,
                0.6732392311096191,
                0.4290565848350525
            ],
            [
                0.0,
                0.0,
                0.0,
                1.0
            ]
        ],
        [
            [
                -0.8924722075462341,
                0.4140526354312897,
                0.17903567850589752,
                0.057560257613658905
            ],
            [
                -0.25820043683052063,
                -0.794316828250885,
                0.5499030351638794,
                0.08222170174121857
            ],
            [
                0.36989983916282654,
                0.44454607367515564,
                0.8158142566680908,
                0.4389090836048126
            ],
            [
                0.0,
                0.0,
                0.0,
                1.0
            ]
        ],
        [
            [
                -0.44162705540657043,
                0.8936218023300171,
                0.08003534376621246,
                0.0393703430891037
            ],
            [
                -0.740319550037384,
                -0.4133479595184326,
                0.5301607847213745,
                0.1076660305261612
            ],
            [
                0.5068456530570984,
                0.17488162219524384,
                0.8441113233566284,
                0.4304174780845642
            ],
            [
                0.0,
                0.0,
                0.0,
                1.0
            ]
        ],
        [
            [
                -0.913350522518158,
                0.3871024250984192,
                0.1262640804052353,
                0.05797614902257919
            ],
            [
                -0.2888178527355194,
                -0.8345068693161011,
                0.46923622488975525,
                0.09137808531522751
            ],
            [
                0.28701072931289673,
                0.39210984110832214,
                0.873999297618866,
                0.44582676887512207
            ],
            [
                0.0,
                0.0,
                0.0,
                1.0
            ]
        ],
        [
            [
                0.8045361638069153,
                0.43358147144317627,
                -0.40586787462234497,
                -0.0027698390185832977
            ],
            [
                -0.22794468700885773,
                0.8564824461936951,
                0.4631189703941345,
                0.08077984303236008
            ],
            [
                0.5484185218811035,
                -0.28008052706718445,
                0.7879036664962769,
                0.41889193654060364
            ],
            [
                0.0,
                0.0,
                0.0,
                1.0
            ]
        ],
        [
            [
                -0.8618938326835632,
                0.44580304622650146,
                0.2416582852602005,
                0.05786646902561188
            ],
            [
                -0.21282540261745453,
                -0.7505741715431213,
                0.6255747675895691,
                0.07244826853275299
            ],
            [
                0.4602656066417694,
                0.48774799704551697,
                0.7417933940887451,
                0.4412440061569214
            ],
            [
                0.0,
                0.0,
                0.0,
                1.0
            ]
        ],
        [
            [
                -0.7022279500961304,
                0.6971270442008972,
                0.14453288912773132,
                0.04512198269367218
            ],
            [
                -0.39388540387153625,
                -0.549525797367096,
                0.736801028251648,
                0.0833301916718483
            ],
            [
                0.5930684208869934,
                0.46047288179397583,
                0.6604805588722229,
                0.41779273748397827
            ],
            [
                0.0,
                0.0,
                0.0,
                1.0
            ]
        ],
        [
            [
                0.9505539536476135,
                0.28074172139167786,
                -0.13278284668922424,
                -0.008845498785376549
            ],
            [
                -0.23633642494678497,
                0.9312995672225952,
                0.2771753966808319,
                0.10711938142776489
            ],
            [
                0.2014753222465515,
                -0.23208874464035034,
                0.9515999555587769,
                0.4459114372730255
            ],
            [
                0.0,
                0.0,
                0.0,
                1.0
            ]
        ],
        [
            [
                0.14264625310897827,
                0.9722476601600647,
                -0.18543587625026703,
                0.010740700177848339
            ],
            [
                -0.6807762980461121,
                0.23237313330173492,
                0.6946555376052856,
                0.10693059861660004
            ],
            [
                0.7184675335884094,
                0.027150338515639305,
                0.6950303912162781,
                0.42374399304389954
            ],
            [
                0.0,
                0.0,
                0.0,
                1.0
            ]
        ],
        [
            [
                0.6417416334152222,
                0.7350947260856628,
                -0.21863968670368195,
                0.0018492788076400757
            ],
            [
                -0.42613092064857483,
                0.5788077712059021,
                0.6952653527259827,
                0.09707853943109512
            ],
            [
                0.6376363039016724,
                -0.3530116081237793,
                0.6846917271614075,
                0.4195087254047394
            ],
            [
                0.0,
                0.0,
                0.0,
                1.0
            ]
        ],
        [
            [
                0.9319400787353516,
                0.26798972487449646,
                -0.24427293241024017,
                -0.013878362253308296
            ],
            [
                -0.07361902296543121,
                0.7994513511657715,
                0.5962027907371521,
                0.07895614206790924
            ],
            [
                0.3550605773925781,
                -0.5376421213150024,
                0.7647698521614075,
                0.4342491924762726
            ],
            [
                0.0,
                0.0,
                0.0,
                1.0
            ]
        ],
        [
            [
                0.970629096031189,
                0.20445780456066132,
                -0.12679147720336914,
                -0.013719899579882622
            ],
            [
                -0.13301867246627808,
                0.8952252864837646,
                0.42529693245887756,
                0.09554088860750198
            ],
            [
                0.2004622519016266,
                -0.3959399461746216,
                0.8961284756660461,
                0.44462281465530396
            ],
            [
                0.0,
                0.0,
                0.0,
                1.0
            ]
        ],
        [
            [
                -0.22707562148571014,
                0.9738492965698242,
                -0.007358727511018515,
                0.019496584311127663
            ],
            [
                -0.6234689354896545,
                -0.13956327736377716,
                0.7692909240722656,
                0.10490094125270844
            ],
            [
                0.7481464743614197,
                0.17927515506744385,
                0.6388562321662903,
                0.4212190508842468
            ],
            [
                0.0,
                0.0,
                0.0,
                1.0
            ]
        ],
        [
            [
                -0.3749808967113495,
                0.9266257286071777,
                0.027461981400847435,
                0.034678056836128235
            ],
            [
                -0.7240412831306458,
                -0.3112429082393646,
                0.6155421137809753,
                0.11067499965429306
            ],
            [
                0.5789244771003723,
                0.2109329253435135,
                0.7876254320144653,
                0.4310530126094818
            ],
            [
                0.0,
                0.0,
                0.0,
                1.0
            ]
        ],
        [
            [
                -0.8794044256210327,
                0.47390198707580566,
                0.04544003680348396,
                0.05640877038240433
            ],
            [
                -0.30615144968032837,
                -0.6360335350036621,
                0.7083309888839722,
                0.08822132647037506
            ],
            [
                0.36458081007003784,
                0.6089978814125061,
                0.7044164538383484,
                0.4374813735485077
            ],
            [
                0.0,
                0.0,
                0.0,
                1.0
            ]
        ],
        [
            [
                -0.8151180148124695,
                0.560059130191803,
                0.14804203808307648,
                0.04986726865172386
            ],
            [
                -0.5274698734283447,
                -0.8232038617134094,
                0.21002604067325592,
                0.10959958285093307
            ],
            [
                0.23949581384658813,
                0.09310829639434814,
                0.9664225578308105,
                0.4480154514312744
            ],
            [
                0.0,
                0.0,
                0.0,
                1.0
            ]
        ]
    ],
    "width": 0.1235,
    "depth": 0.02,
    "score": 0.3037364184856415
}