{
    "transform": [
        [
            [
                -0.44545403122901917,
                -0.6193491816520691,
                0.6465116143226624,
                -0.06300505995750427
            ],
            [
                0.8345978260040283,
                -0.54863440990448,
                0.04946347698569298,
                -0.05910627543926239
            ],
            [
                0.32406339049339294,
                0.5616108775138855,
                0.7612989544868469,
                0.3211842179298401
            ],
            [
                0.0,
                0.0,
                0.0,
                1.0
            ]
        ],
        [
            [
                0.3232986330986023,
                0.5682815909385681,
                -0.7566598057746887,
                0.029476841911673546
            ],
            [
                0.6596565842628479,
                0.43795740604400635,
                0.610775351524353,
                -0.08881054818630219
            ],
            [
                0.6784771680831909,
                -0.696598470211029,
                -0.23327966034412384,
                0.35193800926208496
            ],
            [
                0.0,
                0.0,
                0.0,
                1.0
            ]
        ],
        [
            [
                -0.18968738615512848,
                0.846200704574585,
                0.4979589581489563,
                -0.05594318360090256
            ],
            [
                0.2708836793899536,
                -0.4423794448375702,
                0.8549401164054871,
                -0.0876762717962265
            ],
            [
                0.9437375664710999,
                0.2970603108406067,
                -0.14530816674232483,
                0.36002016067504883
            ],
            [
                0.0,
                0.0,
                0.0,
                1.0
            ]
        ],
        [
            [
                -0.13229696452617645,
                0.7844353914260864,
                0.6059360504150391,
                -0.06068677455186844
            ],
            [
                0.35673803091049194,
                -0.5326644778251648,
                0.7674675583839417,
                -0.09716960787773132
            ],
            [
                0.9247893691062927,
                0.3176940679550171,
                -0.20936806499958038,
                0.35991621017456055
            ],
            [
                0.0,
                0.0,
                0.0,
                1.0
            ]
        ],
        [
            [
                0.2135976254940033,
                0.9546836018562317,
                -0.2072562426328659,
                -0.0016336962580680847
            ],
            [
                0.40435871481895447,
                0.10672806948423386,
                0.9083518385887146,
                -0.093112513422966
            ],
            [
                0.889308750629425,
                -0.277827650308609,
                -0.36323773860931396,
                0.37060412764549255
            ],
            [
                0.0,
                0.0,
                0.0,
                1.0
            ]
        ],
        [
            [
                0.06713791191577911,
                0.9809988141059875,
                -0.18202680349349976,
                -0.010792320594191551
            ],
            [
                0.4727574288845062,
                0.12938076257705688,
                0.8716427087783813,
                -0.10915885865688324
            ],
            [
                0.8786312341690063,
                -0.14457479119300842,
                -0.45508816838264465,
                0.37665197253227234
            ],
            [
                0.0,
                0.0,
                0.0,
                1.0
            ]
        ],
        [
            [
                -0.3831712305545807,
                -0.4328971207141876,
                0.8159533739089966,
                -0.06751742213964462
            ],
            [
                0.7734611630439758,
                -0.6332576870918274,
                0.027247494086623192,
                -0.06462328135967255
            ],
            [
                0.5049133896827698,
                0.6415486931800842,
                0.5774753093719482,
                0.3276219666004181
            ],
            [
                0.0,
                0.0,
                0.0,
                1.0
            ]
        ],
        [
            [
                0.2876482307910919,
                0.6536144018173218,
                -0.70003342628479,
                0.02316354401409626
            ],
            [
                0.588273823261261,
                0.4562118947505951,
                0.6676860451698303,
                -0.09186087548732758
            ],
            [
                0.7557727694511414,
                -0.6038700342178345,
                -0.25327569246292114,
                0.3562474548816681
            ],
            [
                0.0,
                0.0,
                0.0,
                1.0
            ]
        ],
        [
            [
                -0.13229696452617645,
                0.7844353914260864,
                0.6059360504150391,
                -0.06068677455186844
            ],
            [
                0.35673803091049194,
                -0.5326644778251648,
                0.7674675583839417,
                -0.09716960787773132
            ],
            [
                0.9247893691062927,
                0.3176940679550171,
                -0.20936806499958038,
                0.35991621017456055
            ],
            [
                0.0,
                0.0,
                0.0,
                1.0
            ]
        ],
        [
            [
                0.1255279928445816,
                0.9852722883224487,
                -0.11610850691795349,
                -0.007002370432019234
            ],
            [
                0.33572566509246826,
                0.06794233620166779,
                0.9395062923431396,
                -0.09926015138626099
            ],
            [
                0.9335582256317139,
                -0.15691494941711426,
                -0.3222525119781494,
                0.3737618327140808
            ],
            [
                0.0,
                0.0,
                0.0,
                1.0
            ]
        ],
        [
            [
                0.1255279928445816,
                0.9852722883224487,
                -0.11610850691795349,
                -0.007002370432019234
            ],
            [
                0.33572566509246826,
                0.06794233620166779,
                0.9395062923431396,
                -0.09926015138626099
            ],
            [
                0.9335582256317139,
                -0.15691494941711426,
                -0.3222525119781494,
                0.3737618327140808
            ],
            [
                0.0,
                0.0,
                0.0,
                1.0
            ]
        ],
        [
            [
                -0.18968738615512848,
                0.846200704574585,
                0.4979589581489563,
                -0.05594318360090256
            ],
            [
                0.2708836793899536,
                -0.4423794448375702,
                0.8549401164054871,
                -0.0876762717962265
            ],
            [
                0.9437375664710999,
                0.2970603108406067,
                -0.14530816674232483,
                0.36002016067504883
            ],
            [
                0.0,
                0.0,
                0.0,
                1.0
            ]
        ],
        [
            [
                -0.4766005277633667,
                -0.5277393460273743,
                0.7030953168869019,
                -0.06008400768041611
            ],
            [
                0.7986485958099365,
                -0.59419184923172,
                0.09537526220083237,
                -0.05935487151145935
            ],
            [
                0.36744022369384766,
                0.6069819927215576,
                0.7046704888343811,
                0.32843509316444397
            ],
            [
                0.0,
                0.0,
                0.0,
                1.0
            ]
        ],
        [
            [
                0.13866326212882996,
                0.8473079204559326,
                -0.5126808285713196,
                0.01351274736225605
            ],
            [
                0.5954818725585938,
                0.3423084318637848,
                0.7267916798591614,
                -0.10563580691814423
            ],
            [
                0.7913113832473755,
                -0.4060714542865753,
                -0.45709097385406494,
                0.37155961990356445
            ],
            [
                0.0,
                0.0,
                0.0,
                1.0
            ]
        ],
        [
            [
                -0.3831712305545807,
                -0.4328971207141876,
                0.8159533739089966,
                -0.06751742213964462
            ],
            [
                0.7734611630439758,
                -0.6332576870918274,
                0.027247494086623192,
                -0.06462328135967255
            ],
            [
                0.5049133896827698,
                0.6415486931800842,
                0.5774753093719482,
                0.3276219666004181
            ],
            [
                0.0,
                0.0,
                0.0,
                1.0
            ]
        ],
        [
            [
                0.2135976254940033,
                0.9546836018562317,
                -0.2072562426328659,
                -0.0016336962580680847
            ],
            [
                0.40435871481895447,
                0.10672806948423386,
                0.9083518385887146,
                -0.093112513422966
            ],
            [
                0.889308750629425,
                -0.277827650308609,
                -0.36323773860931396,
                0.37060412764549255
            ],
            [
                0.0,
                0.0,
                0.0,
                1.0
            ]
        ],
        [
            [
                -0.4766005277633667,
                -0.5277393460273743,
                0.7030953168869019,
                -0.06008400768041611
            ],
            [
                0.7986485958099365,
                -0.59419184923172,
                0.09537526220083237,
                -0.05935487151145935
            ],
            [
                0.36744022369384766,
                0.6069819927215576,
                0.7046704888343811,
                0.32843509316444397
            ],
            [
                0.0,
                0.0,
                0.0,
                1.0
            ]
        ],
        [
            [
                -0.35429102182388306,
                0.6309434175491333,
                0.6902088522911072,
                -0.06978537142276764
            ],
            [
                0.4489741027355194,
                -0.5326825976371765,
                0.7174060940742493,
                -0.08644871413707733
            ],
            [
                0.8203049302101135,
                0.5640564560890198,
                -0.09455258399248123,
                0.35179582238197327
            ],
            [
                0.0,
                0.0,
                0.0,
                1.0
            ]
        ],
        [
            [
                -0.34150752425193787,
                -0.7435438632965088,
                0.5749043226242065,
                -0.05961165577173233
            ],
            [
                0.8976500630378723,
                -0.439319908618927,
                -0.034961264580488205,
                -0.055127307772636414
            ],
            [
                0.27856218814849854,
                0.5041233897209167,
                0.8174733519554138,
                0.3126682937145233
            ],
            [
                0.0,
                0.0,
                0.0,
                1.0
            ]
        ],
        [
            [
                0.40399688482284546,
                0.49560531973838806,
                -0.7688705921173096,
                0.02325418032705784
            ],
            [
                0.5613444447517395,
                0.5293354988098145,
                0.6361575722694397,
                -0.08525781333446503
            ],
            [
                0.7222735285758972,
                -0.6886069178581238,
                -0.06435540318489075,
                0.351680725812912
            ],
            [
                0.0,
                0.0,
                0.0,
                1.0
            ]
        ],
        [
            [
                -0.47929707169532776,
                -0.7198036909103394,
                0.5021523833274841,
                -0.053906895220279694
            ],
            [
                0.868635356426239,
                -0.470861554145813,
                0.15414947271347046,
                -0.05320212244987488
            ],
            [
                0.12548688054084778,
                0.5100706815719604,
                0.8509294986724854,
                0.3176306486129761
            ],
            [
                0.0,
                0.0,
                0.0,
                1.0
            ]
        ],
        [
            [
                0.13866326212882996,
                0.8473079204559326,
                -0.5126808285713196,
                0.01351274736225605
            ],
            [
                0.5954818725585938,
                0.3423084318637848,
                0.7267916798591614,
                -0.10563580691814423
            ],
            [
                0.7913113832473755,
                -0.4060714542865753,
                -0.45709097385406494,
                0.37155961990356445
            ],
            [
                0.0,
                0.0,
                0.0,
                1.0
            ]
        ],
        [
            [
                -0.27546173334121704,
                0.6425384283065796,
                0.7150281667709351,
                -0.06520029902458191
            ],
            [
                0.46321848034858704,
                -0.5630378723144531,
                0.6844099760055542,
                -0.09166748821735382
            ],
            [
                0.8423476219177246,
                0.519743025302887,
                -0.14254027605056763,
                0.3585621416568756
            ],
            [
                0.0,
                0.0,
                0.0,
                1.0
            ]
        ],
        [
            [
                0.06713791191577911,
                0.9809988141059875,
                -0.18202680349349976,
                -0.010792320594191551
            ],
            [
                0.4727574288845062,
                0.12938076257705688,
                0.8716427087783813,
                -0.10915885865688324
            ],
            [
                0.8786312341690063,
                -0.14457479119300842,
                -0.45508816838264465,
                0.37665197253227234
            ],
            [
                0.0,
                0.0,
                0.0,
                1.0
            ]
        ],
        [
            [
                -0.27546173334121704,
                0.6425384283065796,
                0.7150281667709351,
                -0.06520029902458191
            ],
            [
                0.46321848034858704,
                -0.5630378723144531,
                0.6844099760055542,
                -0.09166748821735382
            ],
            [
                0.8423476219177246,
                0.519743025302887,
                -0.14254027605056763,
                0.3585621416568756
            ],
            [
                0.0,
                0.0,
                0.0,
                1.0
            ]
        ],
        [
            [
                -0.4475215673446655,
                -0.12633849680423737,
                0.8853039145469666,
                -0.06526105105876923
            ],
            [
                0.6518611907958984,
                -0.7238091826438904,
                0.2262239307165146,
                -0.06599263846874237
            ],
            [
                0.6122103333473206,
                0.6783353686332703,
                0.40627533197402954,
                0.3345642685890198
            ],
            [
                0.0,
                0.0,
                0.0,
                1.0
            ]
        ],
        [
            [
                -0.15223243832588196,
                0.7325690388679504,
                0.6634514331817627,
                -0.07198037952184677
            ],
            [
                0.42817890644073486,
                -0.5561261773109436,
                0.7123106718063354,
                -0.09231452643871307
            ],
            [
                0.8907794952392578,
                0.392512708902359,
                -0.22901014983654022,
                0.35497280955314636
            ],
            [
                0.0,
                0.0,
                0.0,
                1.0
            ]
        ],
        [
            [
                -0.3667222261428833,
                0.7116912603378296,
                0.5991746783256531,
                -0.06384740024805069
            ],
            [
                0.3250720500946045,
                -0.5054250359535217,
                0.7992957234382629,
                -0.08420847356319427
            ],
            [
                0.8716896772384644,
                0.4878944754600525,
                -0.046000316739082336,
                0.3554302453994751
            ],
            [
                0.0,
                0.0,
                0.0,
                1.0
            ]
        ],
        [
            [
                0.40822476148605347,
                0.5678554177284241,
                -0.7147675156593323,
                0.018064724281430244
            ],
            [
                0.5278502106666565,
                0.49198421835899353,
                0.6923334002494812,
                -0.08560353517532349
            ],
            [
                0.7447997331619263,
                -0.6599178314208984,
                -0.09890247881412506,
                0.3563463091850281
            ],
            [
                0.0,
                0.0,
                0.0,
                1.0
            ]
        ],
        [
            [
                -0.30892306566238403,
                0.5763803124427795,
                0.7565395832061768,
                -0.07684797048568726
            ],
            [
                0.4551754891872406,
                -0.6088378429412842,
                0.6497166156768799,
                -0.07833327353000641
            ],
            [
                0.8350938558578491,
                0.5450707077980042,
                -0.07427013665437698,
                0.3385041356086731
            ],
            [
                0.0,
                0.0,
                0.0,
                1.0
            ]
        ]
    ],
    "width": 0.1235,
    "depth": 0.02,
    "score": 0.6178863048553467
}