{
    "transform": [
        [
            [
                0.5675627589225769,
                0.025989914312958717,
                -0.8229197859764099,
                0.00969957560300827
            ],
            [
                -0.5029352903366089,
                0.8022920489311218,
                -0.3215329647064209,
                0.08590296655893326
            ],
            [
                0.6518654227256775,
                0.5963655710220337,
                0.4684223532676697,
                0.4191140830516815
            ],
            [
                0.0,
                0.0,
                0.0,
                1.0
            ]
        ],
        [
            [
                -0.8807369470596313,
                -0.21085117757320404,
                0.4240804612636566,
                0.03964636102318764
            ],
            [
                -0.04627995565533638,
                -0.8528277277946472,
                -0.5201374888420105,
                0.02702922374010086
            ],
            [
                0.47133925557136536,
                -0.47773075103759766,
                0.7413586378097534,
                0.40880805253982544
            ],
            [
                0.0,
                0.0,
                0.0,
                1.0
            ]
        ],
        [
            [
                0.495055615901947,
                0.043611712753772736,
                -0.8677660822868347,
                0.011899649165570736
            ],
            [
                -0.47203829884529114,
                0.8519907593727112,
                -0.2264762669801712,
                0.0805443748831749
            ],
            [
                0.7294516563415527,
                0.5217371582984924,
                0.4423691928386688,
                0.4152977764606476
            ],
            [
                0.0,
                0.0,
                0.0,
                1.0
            ]
        ],
        [
            [
                0.9800298810005188,
                0.04046986997127533,
                0.19468912482261658,
                0.013120145536959171
            ],
            [
                -0.1431484967470169,
                -0.5359892845153809,
                0.8320000171661377,
                0.004231929779052734
            ],
            [
                0.13802210986614227,
                -0.8432543277740479,
                -0.5194922089576721,
                0.38403934240341187
            ],
            [
                0.0,
                0.0,
                0.0,
                1.0
            ]
        ],
        [
            [
                0.9776736497879028,
                0.05404215678572655,
                -0.20306071639060974,
                0.01796022802591324
            ],
            [
                0.1979634165763855,
                0.08715551346540451,
                0.9763270616531372,
                0.007183454930782318
            ],
            [
                0.07046067714691162,
                -0.9947277903556824,
                0.07451128214597702,
                0.36215803027153015
            ],
            [
                0.0,
                0.0,
                0.0,
                1.0
            ]
        ],
        [
            [
                0.4378434419631958,
                0.08176082372665405,
                0.895325779914856,
                0.011415672488510609
            ],
            [
                -0.4499802589416504,
                -0.8422167301177979,
                0.29696589708328247,
                0.06346555054187775
            ],
            [
                0.7783385515213013,
                -0.5329034924507141,
                -0.3319683074951172,
                0.4143432676792145
            ],
            [
                0.0,
                0.0,
                0.0,
                1.0
            ]
        ],
        [
            [
                -0.03101455233991146,
                0.33743205666542053,
                0.9408388137817383,
                0.02163708209991455
            ],
            [
                -0.655596911907196,
                -0.7173894047737122,
                0.23568019270896912,
                0.05544013902544975
            ],
            [
                0.7544739246368408,
                -0.6095014810562134,
                0.2434689700603485,
                0.4090310335159302
            ],
            [
                0.0,
                0.0,
                0.0,
                1.0
            ]
        ],
        [
            [
                0.9884960055351257,
                -0.016737721860408783,
                -0.15031790733337402,
                -0.0037591010332107544
            ],
            [
                -0.03792069852352142,
                0.9346866011619568,
                -0.3534441888332367,
                0.05074339359998703
            ],
            [
                0.14641597867012024,
                0.3550783395767212,
                0.9232993125915527,
                0.4263760447502136
            ],
            [
                0.0,
                0.0,
                0.0,
                1.0
            ]
        ],
        [
            [
                -0.6789174675941467,
                0.11858198046684265,
                0.7245752811431885,
                0.032787054777145386
            ],
            [
                -0.5240568518638611,
                -0.7694550156593323,
                -0.3651074171066284,
                0.09360116720199585
            ],
            [
                0.5142329931259155,
                -0.6275964379310608,
                0.5845401287078857,
                0.43117353320121765
            ],
            [
                0.0,
                0.0,
                0.0,
                1.0
            ]
        ],
        [
            [
                -0.9206114411354065,
                -0.004609955009073019,
                0.3904525339603424,
                0.04427410662174225
            ],
            [
                -0.23938806354999542,
                -0.7833169102668762,
                -0.5736792683601379,
                0.05032823234796524
            ],
            [
                0.30849266052246094,
                -0.621605396270752,
                0.7200270891189575,
                0.4228876233100891
            ],
            [
                0.0,
                0.0,
                0.0,
                1.0
            ]
        ],
        [
            [
                0.9984139204025269,
                -0.05563352257013321,
                0.008626921102404594,
                0.0009077191352844238
            ],
            [
                0.03977997228503227,
                0.5887175798416138,
                -0.8073593974113464,
                0.024052448570728302
            ],
            [
                0.03983784094452858,
                0.8064220547676086,
                0.5899970531463623,
                0.411832332611084
            ],
            [
                0.0,
                0.0,
                0.0,
                1.0
            ]
        ],
        [
            [
                0.4829779863357544,
                0.151467964053154,
                0.8624324798583984,
                0.010273617692291737
            ],
            [
                -0.524804413318634,
                -0.7383520603179932,
                0.4235759675502777,
                0.05091692507266998
            ],
            [
                0.7009369134902954,
                -0.6571862101554871,
                -0.27711671590805054,
                0.405316561460495
            ],
            [
                0.0,
                0.0,
                0.0,
                1.0
            ]
        ],
        [
            [
                -0.892175018787384,
                -0.00974437315016985,
                0.45158466696739197,
                0.04339822009205818
            ],
            [
                -0.2717328667640686,
                -0.7870389223098755,
                -0.5538328886032104,
                0.04111047834157944
            ],
            [
                0.3608115315437317,
                -0.6168262362480164,
                0.6995286345481873,
                0.41452154517173767
            ],
            [
                0.0,
                0.0,
                0.0,
                1.0
            ]
        ],
        [
            [
                0.7767211198806763,
                0.5727712512016296,
                0.26198700070381165,
                0.007066400721669197
            ],
            [
                -0.3065641224384308,
                -0.019562697038054466,
                0.951649010181427,
                0.033120833337306976
            ],
            [
                0.5502023696899414,
                -0.8194817304611206,
                0.1603962630033493,
                0.40075328946113586
            ],
            [
                0.0,
                0.0,
                0.0,
                1.0
            ]
        ],
        [
            [
                0.968648374080658,
                -0.053295429795980453,
                -0.2426518052816391,
                -0.002468673512339592
            ],
            [
                -0.08876974880695343,
                0.8379901051521301,
                -0.5384166240692139,
                0.09676346182823181
            ],
            [
                0.23203489184379578,
                0.5430765748023987,
                0.8069867491722107,
                0.4480148255825043
            ],
            [
                0.0,
                0.0,
                0.0,
                1.0
            ]
        ],
        [
            [
                -0.04234633222222328,
                0.23373347520828247,
                -0.9713780879974365,
                0.021840455010533333
            ],
            [
                -0.644585132598877,
                0.736450731754303,
                0.20530524849891663,
                0.05392780154943466
            ],
            [
                0.7633588910102844,
                0.6348298192024231,
                0.1194751188158989,
                0.40444958209991455
            ],
            [
                0.0,
                0.0,
                0.0,
                1.0
            ]
        ],
        [
            [
                -0.8988037705421448,
                0.16421905159950256,
                0.40642818808555603,
                0.03856780752539635
            ],
            [
                -0.30445021390914917,
                -0.9009266495704651,
                -0.30925923585891724,
                -0.0
            ],
            [
                0.31537577509880066,
                -0.40170052647590637,
                0.8597527742385864,
                0.3763056993484497
            ],
            [
                0.0,
                0.0,
                0.0,
                1.0
            ]
        ],
        [
            [
                0.9945976138114929,
                -0.08836754411458969,
                -0.05446738749742508,
                -0.00443216972053051
            ],
            [
                0.03944281116127968,
                0.8070679903030396,
                -0.5891395807266235,
                0.08371137082576752
            ],
            [
                0.09601970762014389,
                0.5838084816932678,
                0.8061934113502502,
                0.4468611180782318
            ],
            [
                0.0,
                0.0,
                0.0,
                1.0
            ]
        ],
        [
            [
                -0.9126242995262146,
                0.046455204486846924,
                0.40615114569664,
                0.042373176664114
            ],
            [
                -0.29998302459716797,
                -0.7510517835617065,
                -0.5881592035293579,
                0.09171738475561142
            ],
            [
                0.2777175009250641,
                -0.6586068272590637,
                0.6993639469146729,
                0.45234614610671997
            ],
            [
                0.0,
                0.0,
                0.0,
                1.0
            ]
        ],
        [
            [
                -0.7118307948112488,
                0.1073935329914093,
                0.6940918564796448,
                0.03717254474759102
            ],
            [
                -0.49188169836997986,
                -0.7816463112831116,
                -0.3835122883319855,
                0.07480315864086151
            ],
            [
                0.5013476610183716,
                -0.614406943321228,
                0.609224796295166,
                0.4216296076774597
            ],
            [
                0.0,
                0.0,
                0.0,
                1.0
            ]
        ],
        [
            [
                -0.1213555783033371,
                0.32366272807121277,
                -0.9383577108383179,
                0.02425677329301834
            ],
            [
                -0.6378458142280579,
                0.698900580406189,
                0.3235592842102051,
                0.04806828126311302
            ],
            [
                0.7605428099632263,
                0.637793242931366,
                0.12163133174180984,
                0.4001926779747009
            ],
            [
                0.0,
                0.0,
                0.0,
                1.0
            ]
        ],
        [
            [
                0.18250690400600433,
                0.9042812585830688,
                0.3859616816043854,
                0.01669483631849289
            ],
            [
                -0.6037047505378723,
                -0.2067735642194748,
                0.7699257731437683,
                0.045687101781368256
            ],
            [
                0.7760358452796936,
                -0.37352368235588074,
                0.5081809759140015,
                0.39865511655807495
            ],
            [
                0.0,
                0.0,
                0.0,
                1.0
            ]
        ],
        [
            [
                -0.2783367335796356,
                0.06032756716012955,
                -0.9585871696472168,
                0.03000556491315365
            ],
            [
                -0.6768063306808472,
                0.6958335041999817,
                0.2403099536895752,
                0.0532887727022171
            ],
            [
                0.681514322757721,
                0.7156649827957153,
                -0.15284594893455505,
                0.40637388825416565
            ],
            [
                0.0,
                0.0,
                0.0,
                1.0
            ]
        ],
        [
            [
                -0.6359744668006897,
                0.12183724343776703,
                0.762031614780426,
                0.031881872564554214
            ],
            [
                -0.5443097949028015,
                -0.770809531211853,
                -0.3310280442237854,
                0.08131471276283264
            ],
            [
                0.5470497012138367,
                -0.6253066658973694,
                0.5565323829650879,
                0.41926974058151245
            ],
            [
                0.0,
                0.0,
                0.0,
                1.0
            ]
        ],
        [
            [
                0.9947547316551208,
                -0.02644401416182518,
                -0.09881217032670975,
                -0.0043255724012851715
            ],
            [
                -0.02412177249789238,
                0.878117024898529,
                -0.47783762216567993,
                0.06631959229707718
            ],
            [
                0.09940460324287415,
                0.47771477699279785,
                0.872873067855835,
                0.43611380457878113
            ],
            [
                0.0,
                0.0,
                0.0,
                1.0
            ]
        ],
        [
            [
                0.9696654677391052,
                0.013526993803679943,
                -0.24406148493289948,
                -0.002356290817260742
            ],
            [
                -0.12476633489131927,
                0.8859943151473999,
                -0.4465954601764679,
                0.0683264285326004
            ],
            [
                0.21019598841667175,
                0.4634988307952881,
                0.8608056902885437,
                0.4276197552680969
            ],
            [
                0.0,
                0.0,
                0.0,
                1.0
            ]
        ],
        [
            [
                0.8771376609802246,
                0.053873006254434586,
                -0.4772077798843384,
                0.0008968077600002289
            ],
            [
                -0.24596278369426727,
                0.9038599133491516,
                -0.35005638003349304,
                0.03766264021396637
            ],
            [
                0.412470281124115,
                0.4244229793548584,
                0.8060603737831116,
                0.40688204765319824
            ],
            [
                0.0,
                0.0,
                0.0,
                1.0
            ]
        ],
        [
            [
                -0.3215077817440033,
                0.10901690274477005,
                -0.940610408782959,
                0.027400128543376923
            ],
            [
                -0.5837815403938293,
                0.7592880129814148,
                0.28754255175590515,
                0.077170230448246
            ],
            [
                0.7455412745475769,
                0.6415581703186035,
                -0.18047493696212769,
                0.4143812954425812
            ],
            [
                0.0,
                0.0,
                0.0,
                1.0
            ]
        ],
        [
            [
                0.9907352328300476,
                -0.08325745910406113,
                -0.10729368776082993,
                -0.0024346578866243362
            ],
            [
                0.012501024641096592,
                0.8425953388214111,
                -0.5384019613265991,
                0.08812686800956726
            ],
            [
                0.13523118197917938,
                0.5320724844932556,
                0.8358296751976013,
                0.44184181094169617
            ],
            [
                0.0,
                0.0,
                0.0,
                1.0
            ]
        ],
        [
            [
                -0.8020642399787903,
                -0.051836878061294556,
                0.5949839949607849,
                0.04270363971590996
            ],
            [
                -0.2862904965877533,
                -0.8409374356269836,
                -0.459197074174881,
                0.03595779091119766
            ],
            [
                0.5241476893424988,
                -0.5386438369750977,
                0.6596453785896301,
                0.40788719058036804
            ],
            [
                0.0,
                0.0,
                0.0,
                1.0
            ]
        ]
    ],
    "width": 0.1235,
    "depth": 0.02,
    "score": 0.9169254302978516
}