{
    "transform": [
        [
            [
                -0.9818036556243896,
                0.1874540001153946,
                0.03037380613386631,
                -0.028064951300621033
            ],
            [
                -0.12137607485055923,
                -0.7424632906913757,
                0.6587989926338196,
                0.05976268649101257
            ],
            [
                0.14604595303535461,
                0.6431245803833008,
                0.7517055869102478,
                0.4715951383113861
            ],
            [
                0.0,
                0.0,
                0.0,
                1.0
            ]
        ],
        [
            [
                -0.949550211429596,
                0.03343164920806885,
                -0.3118281662464142,
                0.08117590099573135
            ],
            [
                -0.25723502039909363,
                0.485755980014801,
                0.8353869318962097,
                -0.0011352300643920898
            ],
            [
                0.1794007569551468,
                0.8734549880027771,
                -0.452649861574173,
                0.515097975730896
            ],
            [
                0.0,
                0.0,
                0.0,
                1.0
            ]
        ],
        [
            [
                -0.9670823812484741,
                0.2525102496147156,
                0.03146722540259361,
                -0.027563922107219696
            ],
            [
                -0.14033938944339752,
                -0.6324169635772705,
                0.7618094086647034,
                0.0385860875248909
            ],
            [
                0.21226510405540466,
                0.7323163747787476,
                0.6470364928245544,
                0.4547545611858368
            ],
            [
                0.0,
                0.0,
                0.0,
                1.0
            ]
        ],
        [
            [
                0.9857250452041626,
                0.029675602912902832,
                -0.16572748124599457,
                0.0748247280716896
            ],
            [
                0.15188588201999664,
                0.26796776056289673,
                0.9513800144195557,
                0.014225982129573822
            ],
            [
                0.07264240086078644,
                -0.9629707336425781,
                0.25963521003723145,
                0.47814056277275085
            ],
            [
                0.0,
                0.0,
                0.0,
                1.0
            ]
        ],
        [
            [
                0.9989319443702698,
                0.02673211321234703,
                -0.03769005462527275,
                0.07556673139333725
            ],
            [
                0.045179519802331924,
                -0.39392656087875366,
                0.918030858039856,
                -0.0005724281072616577
            ],
            [
                0.009693733416497707,
                -0.9187532067298889,
                -0.39471349120140076,
                0.5194640159606934
            ],
            [
                0.0,
                0.0,
                0.0,
                1.0
            ]
        ],
        [
            [
                -0.9603979587554932,
                0.2625886797904968,
                0.09318164736032486,
                -0.031034521758556366
            ],
            [
                -0.19461099803447723,
                -0.8715033531188965,
                0.4501202404499054,
                0.10433876514434814
            ],
            [
                0.19940462708473206,
                0.4141603708267212,
                0.8880928158760071,
                0.40812647342681885
            ],
            [
                0.0,
                0.0,
                0.0,
                1.0
            ]
        ],
        [
            [
                -0.9583644270896912,
                0.2731507420539856,
                0.08322320133447647,
                -0.03070061281323433
            ],
            [
                -0.14937053620815277,
                -0.7279530167579651,
                0.6691582798957825,
                0.0978773906826973
            ],
            [
                0.2433636337518692,
                0.62886643409729,
                0.7384451031684875,
                0.40373530983924866
            ],
            [
                0.0,
                0.0,
                0.0,
                1.0
            ]
        ],
        [
            [
                -0.9703322052955627,
                0.23683886229991913,
                0.04860762134194374,
                0.07595284283161163
            ],
            [
                -0.12812353670597076,
                -0.6742014288902283,
                0.7273491024971008,
                0.0927751213312149
            ],
            [
                0.20503588020801544,
                0.6995424628257751,
                0.684544026851654,
                0.3915886878967285
            ],
            [
                0.0,
                0.0,
                0.0,
                1.0
            ]
        ],
        [
            [
                0.9966718554496765,
                0.08146655559539795,
                0.0028975370805710554,
                -0.03185121715068817
            ],
            [
                -0.0377236008644104,
                0.4294222891330719,
                0.9023155570030212,
                0.01997273415327072
            ],
            [
                0.07226427644491196,
                -0.8994218111038208,
                0.4310663342475891,
                0.4898609220981598
            ],
            [
                0.0,
                0.0,
                0.0,
                1.0
            ]
        ],
        [
            [
                -0.952468752861023,
                0.3006247878074646,
                -0.04927646741271019,
                -0.030983805656433105
            ],
            [
                -0.1825268715620041,
                -0.433663010597229,
                0.8823946714401245,
                0.0832616314291954
            ],
            [
                0.243900328874588,
                0.8494476079940796,
                0.46792250871658325,
                0.4392922520637512
            ],
            [
                0.0,
                0.0,
                0.0,
                1.0
            ]
        ],
        [
            [
                -0.9569636583328247,
                0.28331661224365234,
                0.06286647170782089,
                -0.02641414850950241
            ],
            [
                -0.1401854306459427,
                -0.6409624814987183,
                0.7546622157096863,
                0.0431731641292572
            ],
            [
                0.254103422164917,
                0.7133713364601135,
                0.6530947089195251,
                0.4609268605709076
            ],
            [
                0.0,
                0.0,
                0.0,
                1.0
            ]
        ],
        [
            [
                0.9982283711433411,
                0.024537911638617516,
                -0.05420410633087158,
                -0.040252525359392166
            ],
            [
                0.04265192523598671,
                0.3400735557079315,
                0.9394310712814331,
                0.11197983473539352
            ],
            [
                0.04148507118225098,
                -0.940078616142273,
                0.3384244441986084,
                0.36163508892059326
            ],
            [
                0.0,
                0.0,
                0.0,
                1.0
            ]
        ],
        [
            [
                -0.9444642066955566,
                0.3273617923259735,
                0.028664125129580498,
                -0.02832501381635666
            ],
            [
                -0.17142747342586517,
                -0.5652363300323486,
                0.8069204092025757,
                0.07296647876501083
            ],
            [
                0.28035691380500793,
                0.7571936249732971,
                0.5899642705917358,
                0.43562906980514526
            ],
            [
                0.0,
                0.0,
                0.0,
                1.0
            ]
        ],
        [
            [
                0.9988011121749878,
                -0.046724699437618256,
                0.014601421542465687,
                -0.03775655850768089
            ],
            [
                0.02132473513484001,
                0.6837747693061829,
                0.7293814420700073,
                0.10082333534955978
            ],
            [
                -0.04406420886516571,
                -0.7281956076622009,
                0.6839513778686523,
                0.4030623733997345
            ],
            [
                0.0,
                0.0,
                0.0,
                1.0
            ]
        ],
        [
            [
                -0.9734109044075012,
                0.22906354069709778,
                0.0009593332069925964,
                0.08248424530029297
            ],
            [
                -0.14317674934864044,
                -0.6116912961006165,
                0.778032124042511,
                0.01702750474214554
            ],
            [
                0.1788056194782257,
                0.7572076320648193,
                0.6282236576080322,
                0.48287874460220337
            ],
            [
                0.0,
                0.0,
                0.0,
                1.0
            ]
        ],
        [
            [
                0.9965400099754333,
                0.08112366497516632,
                -0.01808280125260353,
                0.06555230170488358
            ],
            [
                -0.013622690923511982,
                0.37404555082321167,
                0.9273102879524231,
                0.11758650094270706
            ],
            [
                0.08199060708284378,
                -0.9238554835319519,
                0.37385648488998413,
                0.36049795150756836
            ],
            [
                0.0,
                0.0,
                0.0,
                1.0
            ]
        ],
        [
            [
                0.9998852610588074,
                0.013421068899333477,
                -0.007025127299129963,
                -0.038571350276470184
            ],
            [
                -0.001977519365027547,
                0.5754246711730957,
                0.8178523778915405,
                0.09335198253393173
            ],
            [
                0.01501888781785965,
                -0.8177446722984314,
                0.5753851532936096,
                0.3977232575416565
            ],
            [
                0.0,
                0.0,
                0.0,
                1.0
            ]
        ],
        [
            [
                0.9907860159873962,
                0.12649579346179962,
                -0.048392508178949356,
                0.07125528901815414
            ],
            [
                -0.007267983630299568,
                0.4064522385597229,
                0.9136432409286499,
                0.052927836775779724
            ],
            [
                0.13524124026298523,
                -0.9048731923103333,
                0.40362659096717834,
                0.4618360996246338
            ],
            [
                0.0,
                0.0,
                0.0,
                1.0
            ]
        ],
        [
            [
                0.9991896748542786,
                -0.03876620531082153,
                0.010831343941390514,
                0.07211321592330933
            ],
            [
                0.022281797602772713,
                0.7568240165710449,
                0.6532388925552368,
                0.07823358476161957
            ],
            [
                -0.033521007746458054,
                -0.652468204498291,
                0.7570744156837463,
                0.4276832342147827
            ],
            [
                0.0,
                0.0,
                0.0,
                1.0
            ]
        ],
        [
            [
                0.9984561800956726,
                0.04038506746292114,
                -0.038135092705488205,
                0.07250343263149261
            ],
            [
                0.017363402992486954,
                0.42522352933883667,
                0.90492182970047,
                0.06469673663377762
            ],
            [
                0.0527612641453743,
                -0.9041869640350342,
                0.4238658547401428,
                0.41639000177383423
            ],
            [
                0.0,
                0.0,
                0.0,
                1.0
            ]
        ],
        [
            [
                -0.99168860912323,
                0.013282381929457188,
                -0.12797345221042633,
                -0.025134027004241943
            ],
            [
                -0.11695097386837006,
                0.3215392827987671,
                0.9396461844444275,
                -0.0062829554080963135
            ],
            [
                0.05362923443317413,
                0.9468030333518982,
                -0.3173134922981262,
                0.5183322429656982
            ],
            [
                0.0,
                0.0,
                0.0,
                1.0
            ]
        ],
        [
            [
                0.9992265701293945,
                -0.007829233072698116,
                -0.03853483498096466,
                0.07553859800100327
            ],
            [
                0.02966742217540741,
                -0.49308887124061584,
                0.8694729804992676,
                0.018882982432842255
            ],
            [
                -0.02580839768052101,
                -0.8699437379837036,
                -0.4924752414226532,
                0.5354978442192078
            ],
            [
                0.0,
                0.0,
                0.0,
                1.0
            ]
        ],
        [
            [
                -0.8580924868583679,
                0.1605374664068222,
                0.48775508999824524,
                -0.03480694815516472
            ],
            [
                0.40193042159080505,
                -0.381173700094223,
                0.8325614333152771,
                0.13078930974006653
            ],
            [
                0.3195767402648926,
                0.9104583263397217,
                0.26255738735198975,
                0.33246129751205444
            ],
            [
                0.0,
                0.0,
                0.0,
                1.0
            ]
        ],
        [
            [
                0.9992066621780396,
                -0.021439822390675545,
                -0.033560048788785934,
                -0.02322300523519516
            ],
            [
                0.018835080787539482,
                -0.48807626962661743,
                0.8725976943969727,
                0.01845768839120865
            ],
            [
                -0.0350881963968277,
                -0.8725375533103943,
                -0.4872852861881256,
                0.5403220057487488
            ],
            [
                0.0,
                0.0,
                0.0,
                1.0
            ]
        ],
        [
            [
                0.9914786219596863,
                0.12115073949098587,
                -0.047880347818136215,
                0.07831687480211258
            ],
            [
                0.12520644068717957,
                -0.7847749590873718,
                0.6070020198822021,
                -0.014995522797107697
            ],
            [
                0.03596348315477371,
                -0.607824444770813,
                -0.7932565212249756,
                0.5040051937103271
            ],
            [
                0.0,
                0.0,
                0.0,
                1.0
            ]
        ],
        [
            [
                0.9946377277374268,
                0.03541965037584305,
                -0.09716569632291794,
                0.07003740221261978
            ],
            [
                0.07638336718082428,
                0.38180914521217346,
                0.9210793972015381,
                0.08077222108840942
            ],
            [
                0.06972306966781616,
                -0.9235621690750122,
                0.3770563304424286,
                0.3898892104625702
            ],
            [
                0.0,
                0.0,
                0.0,
                1.0
            ]
        ],
        [
            [
                -0.9636504054069519,
                0.2552974224090576,
                0.07874637842178345,
                -0.032592128962278366
            ],
            [
                -0.14751465618610382,
                -0.7541824579238892,
                0.6398812532424927,
                0.12293162941932678
            ],
            [
                0.22274920344352722,
                0.6050056219100952,
                0.764428436756134,
                0.374355673789978
            ],
            [
                0.0,
                0.0,
                0.0,
                1.0
            ]
        ],
        [
            [
                0.998602032661438,
                0.05058502405881882,
                0.015329986810684204,
                -0.04078265652060509
            ],
            [
                -0.04137961193919182,
                0.5677099823951721,
                0.8221880197525024,
                0.12152160704135895
            ],
            [
                0.032887399196624756,
                -0.8216729760169983,
                0.5690096020698547,
                0.37006184458732605
            ],
            [
                0.0,
                0.0,
                0.0,
                1.0
            ]
        ],
        [
            [
                -0.9859331250190735,
                0.09839000552892685,
                -0.13511259853839874,
                -0.022541604936122894
            ],
            [
                -0.11683835834264755,
                0.17234070599079132,
                0.9780835509300232,
                -0.0023117586970329285
            ],
            [
                0.11951904743909836,
                0.980111300945282,
                -0.1584206521511078,
                0.5244680047035217
            ],
            [
                0.0,
                0.0,
                0.0,
                1.0
            ]
        ],
        [
            [
                0.9953683614730835,
                0.055213265120983124,
                -0.07869688421487808,
                -0.035759687423706055
            ],
            [
                0.04394376650452614,
                0.46676716208457947,
                0.883287787437439,
                0.037267379462718964
            ],
            [
                0.08550231903791428,
                -0.8826549649238586,
                0.462179034948349,
                0.4570189118385315
            ],
            [
                0.0,
                0.0,
                0.0,
                1.0
            ]
        ]
    ],
    "width": 0.1235,
    "depth": 0.02,
    "score": 0.945866584777832
}