{
    "transform": [
        [
            [
                -0.15773235261440277,
                0.9864807724952698,
                -0.04445425048470497,
                -0.005933236330747604
            ],
            [
                -0.8678882122039795,
                -0.11701430380344391,
                0.4827812612056732,
                0.13097605109214783
            ],
            [
                0.4710526466369629,
                0.11473154276609421,
                0.8746119141578674,
                0.41413989663124084
            ],
            [
                0.0,
                0.0,
                0.0,
                1.0
            ]
        ],
        [
            [
                -0.9831892848014832,
                0.02859678491950035,
                0.18033598363399506,
                -0.07190413028001785
            ],
            [
                0.14533376693725586,
                -0.4753124415874481,
                0.8677304983139038,
                0.092511847615242
            ],
            [
                0.11053022742271423,
                0.8793522715568542,
                0.4631660282611847,
                0.4562644064426422
            ],
            [
                0.0,
                0.0,
                0.0,
                1.0
            ]
        ],
        [
            [
                0.388685017824173,
                0.9211580157279968,
                -0.019791943952441216,
                -0.03922339901328087
            ],
            [
                -0.7653082609176636,
                0.33473628759384155,
                0.5497770309448242,
                0.12781086564064026
            ],
            [
                0.5130566358566284,
                -0.19854316115379333,
                0.8350769281387329,
                0.4187213182449341
            ],
            [
                0.0,
                0.0,
                0.0,
                1.0
            ]
        ],
        [
            [
                -0.4283616542816162,
                0.9007880091667175,
                0.07132488489151001,
                -0.036289263516664505
            ],
            [
                -0.39128002524375916,
                -0.25605982542037964,
                0.8839306235313416,
                0.05717804655432701
            ],
            [
                0.8144975304603577,
                0.35073399543762207,
                0.4621465802192688,
                0.4989224076271057
            ],
            [
                0.0,
                0.0,
                0.0,
                1.0
            ]
        ],
        [
            [
                -0.48445913195610046,
                0.869941234588623,
                0.09220424294471741,
                -0.034052155911922455
            ],
            [
                -0.32872164249420166,
                -0.2787019610404968,
                0.9023676514625549,
                0.07200558483600616
            ],
            [
                0.8107042908668518,
                0.4068507254123688,
                0.42098820209503174,
                0.5065397620201111
            ],
            [
                0.0,
                0.0,
                0.0,
                1.0
            ]
        ],
        [
            [
                -0.9961864948272705,
                0.07819461077451706,
                -0.038705013692379,
                -0.06577896326780319
            ],
            [
                -0.07676643878221512,
                -0.5747023224830627,
                0.8147540092468262,
                0.10523705929517746
            ],
            [
                0.04146552085876465,
                0.8146181702613831,
                0.5785133838653564,
                0.47750264406204224
            ],
            [
                0.0,
                0.0,
                0.0,
                1.0
            ]
        ],
        [
            [
                -0.5568099617958069,
                0.8278677463531494,
                -0.0678049698472023,
                0.01900876685976982
            ],
            [
                -0.7058631777763367,
                -0.4285584092140198,
                0.5639988780021667,
                0.12424148619174957
            ],
            [
                0.43785813450813293,
                0.3619012236595154,
                0.8229870200157166,
                0.420696496963501
            ],
            [
                0.0,
                0.0,
                0.0,
                1.0
            ]
        ],
        [
            [
                0.1646818369626999,
                0.9861788749694824,
                -0.018191762268543243,
                -0.0038838014006614685
            ],
            [
                -0.42870357632637024,
                0.08817516267299652,
                0.8991319537162781,
                0.05825188755989075
            ],
            [
                0.888309121131897,
                -0.14027182757854462,
                0.43729931116104126,
                0.5034516453742981
            ],
            [
                0.0,
                0.0,
                0.0,
                1.0
            ]
        ],
        [
            [
                -0.9844581484794617,
                0.1686514914035797,
                0.04897734150290489,
                -0.06554248183965683
            ],
            [
                -0.06536833941936493,
                -0.6107379198074341,
                0.7891299724578857,
                0.10094767808914185
            ],
            [
                0.16300027072429657,
                0.7736638784408569,
                0.6122704148292542,
                0.4796229898929596
            ],
            [
                0.0,
                0.0,
                0.0,
                1.0
            ]
        ],
        [
            [
                0.9542554020881653,
                0.22942402958869934,
                -0.19173192977905273,
                0.04288066178560257
            ],
            [
                0.03989202901721001,
                0.5378324389457703,
                0.8421074748039246,
                0.08678694814443588
            ],
            [
                0.29631930589675903,
                -0.811234176158905,
                0.5040773749351501,
                0.4687941372394562
            ],
            [
                0.0,
                0.0,
                0.0,
                1.0
            ]
        ],
        [
            [
                0.23794105648994446,
                0.9697839021682739,
                -0.053881604224443436,
                -0.001120295375585556
            ],
            [
                -0.43410560488700867,
                0.15580783784389496,
                0.8872858881950378,
                0.07001227885484695
            ],
            [
                0.868870735168457,
                -0.18773142993450165,
                0.45806172490119934,
                0.508277952671051
            ],
            [
                0.0,
                0.0,
                0.0,
                1.0
            ]
        ],
        [
            [
                0.04158766567707062,
                0.9990503787994385,
                -0.012989095412194729,
                -0.009429985657334328
            ],
            [
                -0.4370059669017792,
                0.0298791341483593,
                0.898962140083313,
                0.056574929505586624
            ],
            [
                0.898496687412262,
                -0.031709425151348114,
                0.4378335475921631,
                0.5033393502235413
            ],
            [
                0.0,
                0.0,
                0.0,
                1.0
            ]
        ],
        [
            [
                0.9295489192008972,
                0.2923102378845215,
                0.22470776736736298,
                -0.06595049798488617
            ],
            [
                -0.36591845750808716,
                0.6566968560218811,
                0.6594337821006775,
                0.11240572482347488
            ],
            [
                0.04519437253475189,
                -0.6952006816864014,
                0.7173935174942017,
                0.4533597528934479
            ],
            [
                0.0,
                0.0,
                0.0,
                1.0
            ]
        ],
        [
            [
                0.9903762936592102,
                0.03223417326807976,
                0.13459455966949463,
                -0.06708002090454102
            ],
            [
                -0.12749874591827393,
                0.5908152461051941,
                0.7966689467430115,
                0.10503078252077103
            ],
            [
                -0.05384054780006409,
                -0.8061627149581909,
                0.589239239692688,
                0.47184816002845764
            ],
            [
                0.0,
                0.0,
                0.0,
                1.0
            ]
        ],
        [
            [
                0.8429085612297058,
                0.5104696750640869,
                -0.17007583379745483,
                0.03476786985993385
            ],
            [
                -0.13943423330783844,
                0.5125297904014587,
                0.8472728133201599,
                0.07969163358211517
            ],
            [
                0.5196760296821594,
                -0.6904590725898743,
                0.5031927227973938,
                0.4853594899177551
            ],
            [
                0.0,
                0.0,
                0.0,
                1.0
            ]
        ],
        [
            [
                -0.8901521563529968,
                0.4382886290550232,
                0.12462810426950455,
                -0.06555117666721344
            ],
            [
                -0.21383686363697052,
                -0.643329381942749,
                0.7351198196411133,
                0.08298894017934799
            ],
            [
                0.4023715555667877,
                0.627718448638916,
                0.6663833260536194,
                0.4796866178512573
            ],
            [
                0.0,
                0.0,
                0.0,
                1.0
            ]
        ],
        [
            [
                -0.8559194207191467,
                0.5069640278816223,
                0.10192832350730896,
                -0.06541860848665237
            ],
            [
                -0.2508758306503296,
                -0.5794636607170105,
                0.7754245400428772,
                0.07543577998876572
            ],
            [
                0.4521760940551758,
                0.6381295919418335,
                0.6231592297554016,
                0.47871652245521545
            ],
            [
                0.0,
                0.0,
                0.0,
                1.0
            ]
        ],
        [
            [
                -0.9933863878250122,
                0.08611126989126205,
                0.07594968378543854,
                -0.06887108087539673
            ],
            [
                0.010297263041138649,
                -0.5919908881187439,
                0.8058788776397705,
                0.09578967839479446
            ],
            [
                0.11435677111148834,
                0.8013311624526978,
                0.5871889591217041,
                0.46987685561180115
            ],
            [
                0.0,
                0.0,
                0.0,
                1.0
            ]
        ],
        [
            [
                0.8942381143569946,
                0.3949720561504364,
                0.21055945754051208,
                -0.06356719136238098
            ],
            [
                -0.440112829208374,
                0.6902887225151062,
                0.5742840766906738,
                0.11811446398496628
            ],
            [
                0.08147933334112167,
                -0.6062166094779968,
                0.7911147475242615,
                0.45418012142181396
            ],
            [
                0.0,
                0.0,
                0.0,
                1.0
            ]
        ],
        [
            [
                -0.7674334049224854,
                0.6133661866188049,
                0.1866222321987152,
                -0.05770760402083397
            ],
            [
                -0.21636435389518738,
                -0.5217815041542053,
                0.8251851201057434,
                0.08981996029615402
            ],
            [
                0.603516697883606,
                0.5928962230682373,
                0.533143162727356,
                0.4939988851547241
            ],
            [
                0.0,
                0.0,
                0.0,
                1.0
            ]
        ],
        [
            [
                -0.3158479630947113,
                0.948028028011322,
                0.038509998470544815,
                -0.03146678954362869
            ],
            [
                -0.3829383850097656,
                -0.16450592875480652,
                0.909008264541626,
                0.057408034801483154
            ],
            [
                0.8681004047393799,
                0.2723614573478699,
                0.4149951934814453,
                0.5009292364120483
            ],
            [
                0.0,
                0.0,
                0.0,
                1.0
            ]
        ],
        [
            [
                -0.646733820438385,
                0.7545747756958008,
                0.11114124208688736,
                -0.048712022602558136
            ],
            [
                -0.30663973093032837,
                -0.39065808057785034,
                0.8679622411727905,
                0.06950429081916809
            ],
            [
                0.6983605623245239,
                0.5272601842880249,
                0.48403438925743103,
                0.49664369225502014
            ],
            [
                0.0,
                0.0,
                0.0,
                1.0
            ]
        ],
        [
            [
                0.8792639374732971,
                0.36544346809387207,
                0.3055257499217987,
                -0.0674619972705841
            ],
            [
                -0.4706840515136719,
                0.5680626630783081,
                0.6751009225845337,
                0.10530908405780792
            ],
            [
                0.07315351814031601,
                -0.7373979687690735,
                0.671485424041748,
                0.4403958022594452
            ],
            [
                0.0,
                0.0,
                0.0,
                1.0
            ]
        ],
        [
            [
                0.3947301506996155,
                0.9180651307106018,
                -0.03666999563574791,
                0.007201606407761574
            ],
            [
                -0.3729175627231598,
                0.19655945897102356,
                0.9068059325218201,
                0.06370090693235397
            ],
            [
                0.8397146463394165,
                -0.3442687690258026,
                0.4199505150318146,
                0.5026721358299255
            ],
            [
                0.0,
                0.0,
                0.0,
                1.0
            ]
        ],
        [
            [
                -0.0783267468214035,
                0.9967780709266663,
                0.017269469797611237,
                -0.017377721145749092
            ],
            [
                -0.457192599773407,
                -0.05130904167890549,
                0.8878864049911499,
                0.06782320141792297
            ],
            [
                0.8859118223190308,
                0.061649780720472336,
                0.45973843336105347,
                0.508662760257721
            ],
            [
                0.0,
                0.0,
                0.0,
                1.0
            ]
        ],
        [
            [
                -0.41939249634742737,
                0.904854416847229,
                -0.07313239574432373,
                0.006552878767251968
            ],
            [
                -0.8060563802719116,
                -0.3341182768344879,
                0.48850592970848083,
                0.13479022681713104
            ],
            [
                0.4175918996334076,
                0.26382455229759216,
                0.8694904446601868,
                0.42472022771835327
            ],
            [
                0.0,
                0.0,
                0.0,
                1.0
            ]
        ],
        [
            [
                -0.8585466146469116,
                0.4880830943584442,
                0.1570749580860138,
                -0.06347357481718063
            ],
            [
                -0.21331480145454407,
                -0.6185866594314575,
                0.7562058568000793,
                0.08533509820699692
            ],
            [
                0.4662557542324066,
                0.6157315969467163,
                0.6352008581161499,
                0.4839993417263031
            ],
            [
                0.0,
                0.0,
                0.0,
                1.0
            ]
        ],
        [
            [
                0.17697010934352875,
                0.9835888147354126,
                -0.035137418657541275,
                -0.025029076263308525
            ],
            [
                -0.8778367638587952,
                0.17388568818569183,
                0.44628068804740906,
                0.14071713387966156
            ],
            [
                0.44506657123565674,
                -0.048133425414562225,
                0.8942029476165771,
                0.428516685962677
            ],
            [
                0.0,
                0.0,
                0.0,
                1.0
            ]
        ],
        [
            [
                0.2833692729473114,
                0.9588317275047302,
                -0.01853831298649311,
                0.0011063860729336739
            ],
            [
                -0.42069435119628906,
                0.14165528118610382,
                0.8960748314857483,
                0.057527001947164536
            ],
            [
                0.8618109822273254,
                -0.2461211085319519,
                0.443515807390213,
                0.5019673109054565
            ],
            [
                0.0,
                0.0,
                0.0,
                1.0
            ]
        ],
        [
            [
                0.9460102319717407,
                0.2532159686088562,
                -0.20235155522823334,
                0.04078352451324463
            ],
            [
                0.004386353772133589,
                0.6142207980155945,
                0.7891219258308411,
                0.09097061306238174
            ],
            [
                0.3241068422794342,
                -0.7474049925804138,
                0.5799485445022583,
                0.4744483232498169
            ],
            [
                0.0,
                0.0,
                0.0,
                1.0
            ]
        ]
    ],
    "width": 0.1235,
    "depth": 0.02,
    "score": 0.8464539051055908
}