{
    "transform": [
        [
            [
                0.37422141432762146,
                0.04707653820514679,
                -0.9261437058448792,
                -0.003776310943067074
            ],
            [
                -0.6104486584663391,
                0.764308512210846,
                -0.20781004428863525,
                0.02349497377872467
            ],
            [
                0.6980765461921692,
                0.6431301236152649,
                0.31475841999053955,
                0.3807360529899597
            ],
            [
                0.0,
                0.0,
                0.0,
                1.0
            ]
        ],
        [
            [
                -0.5420631766319275,
                0.11655919253826141,
                0.8322148323059082,
                0.012758759781718254
            ],
            [
                -0.540096640586853,
                -0.8070246577262878,
                -0.23876096308231354,
                0.05968751013278961
            ],
            [
                0.6437880396842957,
                -0.5788999795913696,
                0.5004116296768188,
                0.413474977016449
            ],
            [
                0.0,
                0.0,
                0.0,
                1.0
            ]
        ],
        [
            [
                0.9848658442497253,
                -0.05029907077550888,
                -0.16585911810398102,
                -0.026592381298542023
            ],
            [
                -0.08981271088123322,
                0.6703431606292725,
                -0.7365960478782654,
                0.04151777923107147
            ],
            [
                0.148232564330101,
                0.7403445839881897,
                0.6556805968284607,
                0.4233320355415344
            ],
            [
                0.0,
                0.0,
                0.0,
                1.0
            ]
        ],
        [
            [
                0.9974678754806519,
                -0.0448090136051178,
                -0.05522647500038147,
                -0.027604786679148674
            ],
            [
                -0.010167698375880718,
                0.6787152886390686,
                -0.7343310713768005,
                0.03134504705667496
            ],
            [
                0.07038770616054535,
                0.7330331802368164,
                0.6765410900115967,
                0.4245522618293762
            ],
            [
                0.0,
                0.0,
                0.0,
                1.0
            ]
        ],
        [
            [
                0.5429763793945312,
                0.01647244393825531,
                -0.8395862579345703,
                -0.008635098114609718
            ],
            [
                -0.5573781132698059,
                0.7548849582672119,
                -0.3456563353538513,
                0.03540078550577164
            ],
            [
                0.628097414970398,
                0.65565025806427,
                0.4190661311149597,
                0.39177441596984863
            ],
            [
                0.0,
                0.0,
                0.0,
                1.0
            ]
        ],
        [
            [
                0.9261959195137024,
                0.017745431512594223,
                -0.37662479281425476,
                -0.018156278878450394
            ],
            [
                -0.2519482970237732,
                0.7722659111022949,
                -0.5832045674324036,
                -0.02446935325860977
            ],
            [
                0.2805052697658539,
                0.6350516676902771,
                0.7197404503822327,
                0.3581523597240448
            ],
            [
                0.0,
                0.0,
                0.0,
                1.0
            ]
        ],
        [
            [
                0.900342583656311,
                -0.027914877980947495,
                -0.43428555130958557,
                -0.018275169655680656
            ],
            [
                -0.31018805503845215,
                0.6587804555892944,
                -0.6854135990142822,
                -0.0024918466806411743
            ],
            [
                0.30523213744163513,
                0.7518172264099121,
                0.5844692587852478,
                0.3768838346004486
            ],
            [
                0.0,
                0.0,
                0.0,
                1.0
            ]
        ],
        [
            [
                0.7622078061103821,
                -0.023558298125863075,
                -0.6469035744667053,
                -0.014416439458727837
            ],
            [
                -0.480882853269577,
                0.6483875513076782,
                -0.5902078747749329,
                0.0024711713194847107
            ],
            [
                0.43334850668907166,
                0.7609458565711975,
                0.48287728428840637,
                0.3737564980983734
            ],
            [
                0.0,
                0.0,
                0.0,
                1.0
            ]
        ],
        [
            [
                0.6893366575241089,
                -0.0006525564822368324,
                -0.7244409322738647,
                -0.012021500617265701
            ],
            [
                -0.5597857236862183,
                0.6342742443084717,
                -0.5332316160202026,
                -0.0072122663259506226
            ],
            [
                0.4598420560359955,
                0.7731077671051025,
                0.4368631839752197,
                0.36361032724380493
            ],
            [
                0.0,
                0.0,
                0.0,
                1.0
            ]
        ],
        [
            [
                -0.7365312576293945,
                0.04519074782729149,
                0.6748921871185303,
                0.020474659278988838
            ],
            [
                -0.4306468069553375,
                -0.8007414937019348,
                -0.4163609445095062,
                0.05630035325884819
            ],
            [
                0.5215985178947449,
                -0.597303032875061,
                0.6092324256896973,
                0.4222433269023895
            ],
            [
                0.0,
                0.0,
                0.0,
                1.0
            ]
        ],
        [
            [
                -0.6880771517753601,
                0.024468963965773582,
                0.7252248525619507,
                0.02219720371067524
            ],
            [
                -0.4428708851337433,
                -0.8058655261993408,
                -0.392996221780777,
                0.02306564897298813
            ],
            [
                0.5748175382614136,
                -0.5915927290916443,
                0.5653342604637146,
                0.39493614435195923
            ],
            [
                0.0,
                0.0,
                0.0,
                1.0
            ]
        ],
        [
            [
                -0.45487549901008606,
                0.20103661715984344,
                0.8675670623779297,
                0.010267307050526142
            ],
            [
                -0.5933627486228943,
                -0.7948666214942932,
                -0.12691688537597656,
                0.05177837982773781
            ],
            [
                0.6640850901603699,
                -0.5725133419036865,
                0.4808529317378998,
                0.4050676226615906
            ],
            [
                0.0,
                0.0,
                0.0,
                1.0
            ]
        ],
        [
            [
                0.9945764541625977,
                -0.03536061942577362,
                -0.09781231731176376,
                -0.027997277677059174
            ],
            [
                -0.0427505299448967,
                0.7183330655097961,
                -0.6943846344947815,
                0.04649985209107399
            ],
            [
                0.094815693795681,
                0.6948001384735107,
                0.7129254937171936,
                0.43058863282203674
            ],
            [
                0.0,
                0.0,
                0.0,
                1.0
            ]
        ],
        [
            [
                0.8208580613136292,
                -0.04206949472427368,
                -0.5695806741714478,
                -0.019696393981575966
            ],
            [
                -0.3844917416572571,
                0.6967379450798035,
                -0.6055761575698853,
                0.03983692824840546
            ],
            [
                0.4223248362541199,
                0.7160911560058594,
                0.5557475686073303,
                0.40619340538978577
            ],
            [
                0.0,
                0.0,
                0.0,
                1.0
            ]
        ],
        [
            [
                -0.8660170435905457,
                -0.005763820838183165,
                0.49998125433921814,
                0.024523966014385223
            ],
            [
                -0.33151987195014954,
                -0.7419326305389404,
                -0.58277827501297,
                0.04117812588810921
            ],
            [
                0.3743114471435547,
                -0.6704496145248413,
                0.6406154632568359,
                0.4198688268661499
            ],
            [
                0.0,
                0.0,
                0.0,
                1.0
            ]
        ],
        [
            [
                -0.6899598240852356,
                0.07714272290468216,
                0.7197252511978149,
                0.023661542683839798
            ],
            [
                -0.48474112153053284,
                -0.7876685261726379,
                -0.38026872277259827,
                0.008027315139770508
            ],
            [
                0.5375699400901794,
                -0.6112505793571472,
                0.5808538794517517,
                0.383401483297348
            ],
            [
                0.0,
                0.0,
                0.0,
                1.0
            ]
        ],
        [
            [
                -0.5413829684257507,
                0.1498393565416336,
                0.8273165225982666,
                0.01833152212202549
            ],
            [
                -0.561497151851654,
                -0.7968310713768005,
                -0.2231169492006302,
                0.011664487421512604
            ],
            [
                0.625799834728241,
                -0.5853275656700134,
                0.5155251622200012,
                0.3780459761619568
            ],
            [
                0.0,
                0.0,
                0.0,
                1.0
            ]
        ],
        [
            [
                0.9895125031471252,
                -0.05171230062842369,
                -0.13487330079078674,
                -0.022166678681969643
            ],
            [
                -0.07095614820718765,
                0.6392858028411865,
                -0.765688419342041,
                -0.016728095710277557
            ],
            [
                0.12581811845302582,
                0.7672283053398132,
                0.6289120316505432,
                0.3795102834701538
            ],
            [
                0.0,
                0.0,
                0.0,
                1.0
            ]
        ],
        [
            [
                -0.16431136429309845,
                0.8112716674804688,
                0.5611060857772827,
                0.003951581194996834
            ],
            [
                -0.66274094581604,
                -0.5121143460273743,
                0.5463637709617615,
                0.04697577282786369
            ],
            [
                0.7305998802185059,
                -0.28209421038627625,
                0.6218091249465942,
                0.3984072208404541
            ],
            [
                0.0,
                0.0,
                0.0,
                1.0
            ]
        ],
        [
            [
                -0.6495764851570129,
                0.08461908251047134,
                0.7555725574493408,
                0.01639125868678093
            ],
            [
                -0.4575560390949249,
                -0.8371841311454773,
                -0.2996082901954651,
                0.05417744442820549
            ],
            [
                0.6072009205818176,
                -0.5403352975845337,
                0.582533061504364,
                0.413150817155838
            ],
            [
                0.0,
                0.0,
                0.0,
                1.0
            ]
        ],
        [
            [
                -0.506961464881897,
                0.21870042383670807,
                0.8337626457214355,
                0.021426785737276077
            ],
            [
                -0.6246765851974487,
                -0.7597244381904602,
                -0.18054884672164917,
                -0.007935144007205963
            ],
            [
                0.5939437747001648,
                -0.612363338470459,
                0.5217680335044861,
                0.36004936695098877
            ],
            [
                0.0,
                0.0,
                0.0,
                1.0
            ]
        ],
        [
            [
                -0.9643213152885437,
                -0.04627661779522896,
                0.26065847277641296,
                0.023860352113842964
            ],
            [
                -0.13619087636470795,
                -0.757603108882904,
                -0.6383491158485413,
                0.07356293499469757
            ],
            [
                0.22701627016067505,
                -0.6510729789733887,
                0.7242704033851624,
                0.45106008648872375
            ],
            [
                0.0,
                0.0,
                0.0,
                1.0
            ]
        ],
        [
            [
                0.8593087196350098,
                -0.012104548513889313,
                -0.5113139748573303,
                -0.015480156056582928
            ],
            [
                -0.36366334557533264,
                0.6885008215904236,
                -0.6274677515029907,
                -0.005702711641788483
            ],
            [
                0.3596353530883789,
                0.7251346707344055,
                0.587232768535614,
                0.36964982748031616
            ],
            [
                0.0,
                0.0,
                0.0,
                1.0
            ]
        ],
        [
            [
                -0.7436602115631104,
                0.07092321664094925,
                0.6647852063179016,
                0.021871954202651978
            ],
            [
                -0.4611416757106781,
                -0.7743713855743408,
                -0.43324044346809387,
                0.043284427374601364
            ],
            [
                0.4840638041496277,
                -0.6287438273429871,
                0.6085748672485352,
                0.4134710729122162
            ],
            [
                0.0,
                0.0,
                0.0,
                1.0
            ]
        ],
        [
            [
                0.8979439735412598,
                -0.030761945992708206,
                -0.4390333890914917,
                -0.022372594103217125
            ],
            [
                -0.2448408454656601,
                0.7940212488174438,
                -0.5564019680023193,
                0.04519778490066528
            ],
            [
                0.3657177984714508,
                0.6071110963821411,
                0.7054548263549805,
                0.41430389881134033
            ],
            [
                0.0,
                0.0,
                0.0,
                1.0
            ]
        ],
        [
            [
                0.3171710968017578,
                0.1896742582321167,
                -0.9292072057723999,
                -0.003917491529136896
            ],
            [
                -0.6074011325836182,
                0.7930948734283447,
                -0.045437123626470566,
                0.04221813753247261
            ],
            [
                0.7283313274383545,
                0.578812837600708,
                0.3667552173137665,
                0.39497023820877075
            ],
            [
                0.0,
                0.0,
                0.0,
                1.0
            ]
        ],
        [
            [
                -0.5885229110717773,
                0.17742128670215607,
                0.7887727618217468,
                0.020915424451231956
            ],
            [
                -0.5748119950294495,
                -0.7778962254524231,
                -0.2539066970348358,
                0.0016402825713157654
            ],
            [
                0.5685348510742188,
                -0.602825939655304,
                0.5597936511039734,
                0.37213051319122314
            ],
            [
                0.0,
                0.0,
                0.0,
                1.0
            ]
        ],
        [
            [
                -0.8430604338645935,
                -0.011522902175784111,
                0.5376954078674316,
                0.024539543315768242
            ],
            [
                -0.3423236906528473,
                -0.7595996856689453,
                -0.5530126094818115,
                0.034079696983098984
            ],
            [
                0.4148055613040924,
                -0.6502889394760132,
                0.6364438533782959,
                0.4123552143573761
            ],
            [
                0.0,
                0.0,
                0.0,
                1.0
            ]
        ],
        [
            [
                0.9986553192138672,
                -0.04782848805189133,
                0.02000349946320057,
                -0.02951396442949772
            ],
            [
                0.04970535263419151,
                0.773674726486206,
                -0.6316303014755249,
                0.04402514919638634
            ],
            [
                0.01473371870815754,
                0.6317752003669739,
                0.7750115990638733,
                0.43903231620788574
            ],
            [
                0.0,
                0.0,
                0.0,
                1.0
            ]
        ],
        [
            [
                -0.5044767260551453,
                0.16658227145671844,
                0.8472033143043518,
                0.01725979521870613
            ],
            [
                -0.5924267172813416,
                -0.7805873155593872,
                -0.19928330183029175,
                0.007396407425403595
            ],
            [
                0.6281192302703857,
                -0.6024396419525146,
                0.4924759864807129,
                0.3728937804698944
            ],
            [
                0.0,
                0.0,
                0.0,
                1.0
            ]
        ]
    ],
    "width": 0.1235,
    "depth": 0.02,
    "score": 0.8264910578727722
}