{
    "transform": [
        [
            [
                -0.9841299653053284,
                -0.05579191818833351,
                0.1684504598379135,
                0.013257039710879326
            ],
            [
                0.15350691974163055,
                -0.7438759207725525,
                0.6504492163658142,
                0.090225450694561
            ],
            [
                0.08901644498109818,
                0.6659848690032959,
                0.7406349778175354,
                0.38804641366004944
            ],
            [
                0.0,
                0.0,
                0.0,
                1.0
            ]
        ],
        [
            [
                -0.9974405765533447,
                -0.053040582686662674,
                0.04794781282544136,
                0.008427303284406662
            ],
            [
                0.06739573180675507,
                -0.47350746393203735,
                0.8782075643539429,
                0.051963791251182556
            ],
            [
                -0.023876992985606194,
                0.8791913390159607,
                0.475870281457901,
                0.42482975125312805
            ],
            [
                0.0,
                0.0,
                0.0,
                1.0
            ]
        ],
        [
            [
                -0.9882256388664246,
                0.05017992481589317,
                0.14454086124897003,
                0.012387784197926521
            ],
            [
                0.0791555792093277,
                -0.6407701373100281,
                0.7636412382125854,
                0.09455175697803497
            ],
            [
                0.13093693554401398,
                0.7660911083221436,
                0.6292534470558167,
                0.3746891915798187
            ],
            [
                0.0,
                0.0,
                0.0,
                1.0
            ]
        ],
        [
            [
                -0.9979866147041321,
                -0.03512011840939522,
                0.05281360074877739,
                0.009748099371790886
            ],
            [
                0.06326030194759369,
                -0.4912582039833069,
                0.8687137365341187,
                0.05755512788891792
            ],
            [
                -0.004564220085740089,
                0.8703057169914246,
                0.49249082803726196,
                0.4212106764316559
            ],
            [
                0.0,
                0.0,
                0.0,
                1.0
            ]
        ],
        [
            [
                -0.9882722496986389,
                -0.033772144466638565,
                0.14892025291919708,
                0.01262836717069149
            ],
            [
                0.13124485313892365,
                -0.6863600611686707,
                0.7153213024139404,
                0.08923260867595673
            ],
            [
                0.07805496454238892,
                0.7264772057533264,
                0.6827431321144104,
                0.38196608424186707
            ],
            [
                0.0,
                0.0,
                0.0,
                1.0
            ]
        ],
        [
            [
                0.9831748008728027,
                -0.1559811383485794,
                -0.09506427496671677,
                -0.060011520981788635
            ],
            [
                0.1563834547996521,
                0.4497898519039154,
                0.8793368339538574,
                0.008348695933818817
            ],
            [
                -0.09440100938081741,
                -0.8794082999229431,
                0.46661490201950073,
                0.4735170304775238
            ],
            [
                0.0,
                0.0,
                0.0,
                1.0
            ]
        ],
        [
            [
                0.9987356662750244,
                -0.012898700311779976,
                -0.048587433993816376,
                -0.052147235721349716
            ],
            [
                0.03565666824579239,
                0.8630760312080383,
                0.5038138031959534,
                0.12590539455413818
            ],
            [
                0.03543611615896225,
                -0.5049092769622803,
                0.8624446988105774,
                0.3847024440765381
            ],
            [
                0.0,
                0.0,
                0.0,
                1.0
            ]
        ],
        [
            [
                0.9961240291595459,
                -0.036428917199373245,
                -0.0800604596734047,
                -0.052016451954841614
            ],
            [
                0.08440472185611725,
                0.6520038843154907,
                0.7535029053688049,
                0.11733877658843994
            ],
            [
                0.02475043386220932,
                -0.7573398351669312,
                0.6525516510009766,
                0.377597838640213
            ],
            [
                0.0,
                0.0,
                0.0,
                1.0
            ]
        ],
        [
            [
                0.9993197917938232,
                0.02324073389172554,
                0.028633182868361473,
                -0.05606292933225632
            ],
            [
                -0.03686418756842613,
                0.6082479357719421,
                0.7928906083106995,
                0.06662630289793015
            ],
            [
                0.001011284184642136,
                -0.7934068441390991,
                0.6086909174919128,
                0.4169795513153076
            ],
            [
                0.0,
                0.0,
                0.0,
                1.0
            ]
        ],
        [
            [
                -0.9882082343101501,
                0.011971444822847843,
                0.1526472270488739,
                0.01376461423933506
            ],
            [
                0.0935172438621521,
                -0.7422016263008118,
                0.663619875907898,
                0.09634380787611008
            ],
            [
                0.12123951315879822,
                0.6700697541236877,
                0.7323302030563354,
                0.37848517298698425
            ],
            [
                0.0,
                0.0,
                0.0,
                1.0
            ]
        ],
        [
            [
                -0.9964168071746826,
                -0.07491050660610199,
                0.039267633110284805,
                0.009089967235922813
            ],
            [
                0.07181315869092941,
                -0.5040533542633057,
                0.8606817126274109,
                0.0618063323199749
            ],
            [
                -0.0446811243891716,
                0.8604176640510559,
                0.5076267719268799,
                0.4124118387699127
            ],
            [
                0.0,
                0.0,
                0.0,
                1.0
            ]
        ],
        [
            [
                -0.9997464418411255,
                -0.007909921929240227,
                0.021082350984215736,
                0.003155698999762535
            ],
            [
                0.021855277940630913,
                -0.5662378072738647,
                0.8239521384239197,
                0.0047331303358078
            ],
            [
                0.005420222412794828,
                0.8242039680480957,
                0.5662671327590942,
                0.477247029542923
            ],
            [
                0.0,
                0.0,
                0.0,
                1.0
            ]
        ],
        [
            [
                0.9977655410766602,
                -0.062234874814748764,
                -0.024305138736963272,
                -0.050953347235918045
            ],
            [
                0.06208591163158417,
                0.998047411441803,
                -0.00683682831004262,
                0.12909923493862152
            ],
            [
                0.02468314953148365,
                0.005312545225024223,
                0.9996812343597412,
                0.3918226361274719
            ],
            [
                0.0,
                0.0,
                0.0,
                1.0
            ]
        ],
        [
            [
                0.9902989864349365,
                0.10298614203929901,
                -0.09328259527683258,
                -0.058597587049007416
            ],
            [
                0.05314916744828224,
                0.3395337760448456,
                0.9390910863876343,
                0.021214500069618225
            ],
            [
                0.12838594615459442,
                -0.9349388480186462,
                0.33076637983322144,
                0.45837458968162537
            ],
            [
                0.0,
                0.0,
                0.0,
                1.0
            ]
        ],
        [
            [
                -0.9987266063690186,
                -0.010566549375653267,
                0.04933122172951698,
                0.006575258448719978
            ],
            [
                0.048225387930870056,
                -0.48712947964668274,
                0.8719971776008606,
                0.027310200035572052
            ],
            [
                0.01481669768691063,
                0.87326580286026,
                0.48701873421669006,
                0.45895296335220337
            ],
            [
                0.0,
                0.0,
                0.0,
                1.0
            ]
        ],
        [
            [
                -0.9987072348594666,
                -0.05083237588405609,
                -0.00010226857557427138,
                0.0036333370953798294
            ],
            [
                0.030180176720023155,
                -0.5945683121681213,
                0.803478479385376,
                0.009861044585704803
            ],
            [
                -0.040903519839048386,
                0.8024366497993469,
                0.5953337550163269,
                0.4709843397140503
            ],
            [
                0.0,
                0.0,
                0.0,
                1.0
            ]
        ],
        [
            [
                0.9972468614578247,
                0.020229917019605637,
                -0.07134019583463669,
                -0.05595863610506058
            ],
            [
                0.05056808888912201,
                0.5181310772895813,
                0.8538050055503845,
                0.03503188490867615
            ],
            [
                0.05423597991466522,
                -0.8550618886947632,
                0.5156816244125366,
                0.4415379762649536
            ],
            [
                0.0,
                0.0,
                0.0,
                1.0
            ]
        ],
        [
            [
                -0.9992318153381348,
                -0.013230975717306137,
                0.036888912320137024,
                0.006901146844029427
            ],
            [
                0.03865738958120346,
                -0.48741772770881653,
                0.8723127841949463,
                0.03351690620183945
            ],
            [
                0.006438764743506908,
                0.8730687499046326,
                0.48755472898483276,
                0.4472929537296295
            ],
            [
                0.0,
                0.0,
                0.0,
                1.0
            ]
        ],
        [
            [
                0.9883209466934204,
                0.09988924860954285,
                -0.11508184671401978,
                -0.05980265885591507
            ],
            [
                0.07926654815673828,
                0.30799955129623413,
                0.9480785727500916,
                0.016865931451320648
            ],
            [
                0.1301480233669281,
                -0.9461280703544617,
                0.2964845299720764,
                0.46380284428596497
            ],
            [
                0.0,
                0.0,
                0.0,
                1.0
            ]
        ],
        [
            [
                0.9923603534698486,
                0.10131308436393738,
                -0.07040243595838547,
                -0.051880646497011185
            ],
            [
                -0.0020680734887719154,
                0.5842281579971313,
                0.811586856842041,
                0.06828133016824722
            ],
            [
                0.1233554407954216,
                -0.8052409887313843,
                0.5799744129180908,
                0.40236324071884155
            ],
            [
                0.0,
                0.0,
                0.0,
                1.0
            ]
        ],
        [
            [
                -0.990182101726532,
                -0.028107449412345886,
                0.13692830502986908,
                0.011922834441065788
            ],
            [
                0.1192937046289444,
                -0.680499792098999,
                0.7229723334312439,
                0.08472981303930283
            ],
            [
                0.0728587806224823,
                0.7322089672088623,
                0.6771717667579651,
                0.3863849639892578
            ],
            [
                0.0,
                0.0,
                0.0,
                1.0
            ]
        ],
        [
            [
                -0.9964274168014526,
                -0.07682941854000092,
                0.035066332668066025,
                0.005109699442982674
            ],
            [
                0.06650669872760773,
                -0.45793694257736206,
                0.886493444442749,
                0.018393293023109436
            ],
            [
                -0.05205060541629791,
                0.8856585025787354,
                0.4614105820655823,
                0.463654100894928
            ],
            [
                0.0,
                0.0,
                0.0,
                1.0
            ]
        ],
        [
            [
                0.9865388870239258,
                0.12120848149061203,
                -0.10977068543434143,
                -0.056162431836128235
            ],
            [
                0.06148397549986839,
                0.3470800518989563,
                0.9358178973197937,
                0.02356608957052231
            ],
            [
                0.1515282839536667,
                -0.9299699068069458,
                0.3349555730819702,
                0.45501601696014404
            ],
            [
                0.0,
                0.0,
                0.0,
                1.0
            ]
        ],
        [
            [
                0.8585009574890137,
                0.08958574384450912,
                -0.5049265027046204,
                -0.05626995861530304
            ],
            [
                0.4017946720123291,
                0.4943132698535919,
                0.7708536982536316,
                0.011872433125972748
            ],
            [
                0.3186493515968323,
                -0.8646554350852966,
                0.3883732259273529,
                0.46843454241752625
            ],
            [
                0.0,
                0.0,
                0.0,
                1.0
            ]
        ],
        [
            [
                0.9942916035652161,
                0.09597036242485046,
                -0.046625860035419464,
                -0.053414665162563324
            ],
            [
                -0.02429128624498844,
                0.6291254162788391,
                0.776924192905426,
                0.06418171525001526
            ],
            [
                0.10389521718025208,
                -0.7713565826416016,
                0.6278653144836426,
                0.4072980582714081
            ],
            [
                0.0,
                0.0,
                0.0,
                1.0
            ]
        ],
        [
            [
                0.996647298336029,
                0.07160396873950958,
                -0.03958585485816002,
                -0.05251722410321236
            ],
            [
                -0.012764166109263897,
                0.6139785647392273,
                0.7892194390296936,
                0.08197087794542313
            ],
            [
                0.0808161199092865,
                -0.7860681414604187,
                0.6128340363502502,
                0.38743194937705994
            ],
            [
                0.0,
                0.0,
                0.0,
                1.0
            ]
        ],
        [
            [
                0.9957772493362427,
                0.09127017110586166,
                -0.009872056543827057,
                -0.05590370297431946
            ],
            [
                -0.043482158333063126,
                0.5636220574378967,
                0.8248875737190247,
                0.05589878186583519
            ],
            [
                0.0808517336845398,
                -0.8209750056266785,
                0.5652106404304504,
                0.4192315936088562
            ],
            [
                0.0,
                0.0,
                0.0,
                1.0
            ]
        ],
        [
            [
                0.9965158700942993,
                0.00306525151245296,
                -0.08334694057703018,
                -0.06028750538825989
            ],
            [
                0.07659967988729477,
                0.36169105768203735,
                0.9291458129882812,
                0.013911277055740356
            ],
            [
                0.03299391269683838,
                -0.9322929382324219,
                0.3601960837841034,
                0.46756312251091003
            ],
            [
                0.0,
                0.0,
                0.0,
                1.0
            ]
        ],
        [
            [
                -0.9850786328315735,
                -0.01663639396429062,
                0.17129886150360107,
                0.01208324171602726
            ],
            [
                0.1404411941766739,
                -0.6530181169509888,
                0.7442066669464111,
                0.09165788441896439
            ],
            [
                0.09948033839464188,
                0.7571594715118408,
                0.6456106305122375,
                0.37808042764663696
            ],
            [
                0.0,
                0.0,
                0.0,
                1.0
            ]
        ],
        [
            [
                0.7733777165412903,
                0.3409644663333893,
                -0.5344439148902893,
                -0.05096254497766495
            ],
            [
                0.40075603127479553,
                0.39026886224746704,
                0.8289058804512024,
                0.020685940980911255
            ],
            [
                0.4912041425704956,
                -0.8552389144897461,
                0.16518165171146393,
                0.45785561203956604
            ],
            [
                0.0,
                0.0,
                0.0,
                1.0
            ]
        ]
    ],
    "width": 0.1235,
    "depth": 0.02,
    "score": 0.7961577773094177
}