{
    "transform": [
        [
            [
                -0.5106860399246216,
                0.8589550852775574,
                0.037362027913331985,
                -0.007800622843205929
            ],
            [
                -0.4146856963634491,
                -0.2841501533985138,
                0.8644618988037109,
                0.052519574761390686
            ],
            [
                0.753150463104248,
                0.42597511410713196,
                0.5013078451156616,
                0.4718857407569885
            ],
            [
                0.0,
                0.0,
                0.0,
                1.0
            ]
        ],
        [
            [
                -0.21803338825702667,
                0.9743724465370178,
                0.055315110832452774,
                0.0031203157268464565
            ],
            [
                -0.4850929379463196,
                -0.15738090872764587,
                0.8601837754249573,
                0.04680061340332031
            ],
            [
                0.8468448519706726,
                0.16071581840515137,
                0.506975531578064,
                0.4718957543373108
            ],
            [
                0.0,
                0.0,
                0.0,
                1.0
            ]
        ],
        [
            [
                -0.38253891468048096,
                0.9225939512252808,
                0.04984396696090698,
                -0.0031011374667286873
            ],
            [
                -0.4559069573879242,
                -0.23540668189525604,
                0.8583312630653381,
                0.045479342341423035
            ],
            [
                0.8036248087882996,
                0.3056209087371826,
                0.5106691718101501,
                0.4689953327178955
            ],
            [
                0.0,
                0.0,
                0.0,
                1.0
            ]
        ],
        [
            [
                0.7099197506904602,
                0.7042818665504456,
                -0.0008708244422450662,
                -0.009354575537145138
            ],
            [
                -0.5644562244415283,
                0.569713294506073,
                0.5973405838012695,
                0.10055283457040787
            ],
            [
                0.42119231820106506,
                -0.4235723614692688,
                0.8019871115684509,
                0.4244171380996704
            ],
            [
                0.0,
                0.0,
                0.0,
                1.0
            ]
        ],
        [
            [
                -0.7308565974235535,
                0.6679509878158569,
                0.1403219848871231,
                -0.02240094542503357
            ],
            [
                -0.3609844148159027,
                -0.5527686476707458,
                0.7510905861854553,
                0.043304670602083206
            ],
            [
                0.5792573094367981,
                0.4982854723930359,
                0.6451144218444824,
                0.4517025649547577
            ],
            [
                0.0,
                0.0,
                0.0,
                1.0
            ]
        ],
        [
            [
                0.5227506160736084,
                0.8464953899383545,
                -0.10088276118040085,
                -0.014943341724574566
            ],
            [
                -0.6708398461341858,
                0.4814951419830322,
                0.5640357732772827,
                0.08014358580112457
            ],
            [
                0.5260282158851624,
                -0.22717387974262238,
                0.819564700126648,
                0.4108965992927551
            ],
            [
                0.0,
                0.0,
                0.0,
                1.0
            ]
        ],
        [
            [
                0.9952475428581238,
                -0.07046639919281006,
                0.06720716506242752,
                -0.027551516890525818
            ],
            [
                -0.010891848243772984,
                0.6052862405776978,
                0.7959334254264832,
                0.07363119721412659
            ],
            [
                -0.09676612913608551,
                -0.7928828001022339,
                0.6016421318054199,
                0.4545499384403229
            ],
            [
                0.0,
                0.0,
                0.0,
                1.0
            ]
        ],
        [
            [
                0.9949999451637268,
                0.0692836344242096,
                0.0719367116689682,
                -0.029456015676259995
            ],
            [
                -0.09982188045978546,
                0.6662672758102417,
                0.7390017509460449,
                0.08737847954034805
            ],
            [
                0.003271654946729541,
                -0.7424875497817993,
                0.6698518991470337,
                0.44547316431999207
            ],
            [
                0.0,
                0.0,
                0.0,
                1.0
            ]
        ],
        [
            [
                -0.9222585558891296,
                0.3826334476470947,
                0.05505305156111717,
                0.009321649558842182
            ],
            [
                -0.2766464650630951,
                -0.7527466416358948,
                0.5973601937294006,
                0.09587137401103973
            ],
            [
                0.2700110077857971,
                0.5356903076171875,
                0.800081193447113,
                0.4027840197086334
            ],
            [
                0.0,
                0.0,
                0.0,
                1.0
            ]
        ],
        [
            [
                -0.2770598530769348,
                0.9466807246208191,
                0.16441874206066132,
                0.0005102362483739853
            ],
            [
                -0.4903750419616699,
                -0.2864680588245392,
                0.8230846524238586,
                0.03367265313863754
            ],
            [
                0.8262991309165955,
                0.1474168747663498,
                0.5435973405838013,
                0.4629887640476227
            ],
            [
                0.0,
                0.0,
                0.0,
                1.0
            ]
        ],
        [
            [
                -0.7901264429092407,
                0.6112063527107239,
                0.04611900448799133,
                -0.021752551198005676
            ],
            [
                -0.30779990553855896,
                -0.46071723103523254,
                0.8324654698371887,
                0.055135328322649
            ],
            [
                0.5300560593605042,
                0.6435575485229492,
                0.5521541237831116,
                0.4590294063091278
            ],
            [
                0.0,
                0.0,
                0.0,
                1.0
            ]
        ],
        [
            [
                0.6211761236190796,
                0.7759896516799927,
                -0.10945415496826172,
                0.03097313642501831
            ],
            [
                -0.4615733325481415,
                0.4751514494419098,
                0.7491201758384705,
                0.04366319254040718
            ],
            [
                0.6333169341087341,
                -0.41481447219848633,
                0.6533288359642029,
                0.46073809266090393
            ],
            [
                0.0,
                0.0,
                0.0,
                1.0
            ]
        ],
        [
            [
                -0.6254976391792297,
                0.7799829244613647,
                -0.019472673535346985,
                0.037436701357364655
            ],
            [
                -0.7042323350906372,
                -0.5536549091339111,
                0.4444355368614197,
                0.07577981054782867
            ],
            [
                0.33587098121643066,
                0.2917066812515259,
                0.8955992460250854,
                0.4142690598964691
            ],
            [
                0.0,
                0.0,
                0.0,
                1.0
            ]
        ],
        [
            [
                0.7057206034660339,
                0.694855809211731,
                -0.13832521438598633,
                0.03587030619382858
            ],
            [
                -0.3725696802139282,
                0.5300358533859253,
                0.7617439031600952,
                0.056362658739089966
            ],
            [
                0.6026195287704468,
                -0.4860425591468811,
                0.6329393982887268,
                0.46498167514801025
            ],
            [
                0.0,
                0.0,
                0.0,
                1.0
            ]
        ],
        [
            [
                -0.6076386570930481,
                0.786346435546875,
                -0.11151003837585449,
                0.03739699721336365
            ],
            [
                -0.6304867267608643,
                -0.3922151029109955,
                0.669816255569458,
                0.09514094144105911
            ],
            [
                0.4829716086387634,
                0.4773118495941162,
                0.734106183052063,
                0.4295447766780853
            ],
            [
                0.0,
                0.0,
                0.0,
                1.0
            ]
        ],
        [
            [
                0.6347461342811584,
                0.7724739909172058,
                -0.0195239819586277,
                -0.012957404367625713
            ],
            [
                -0.5967484712600708,
                0.5060901045799255,
                0.6227070093154907,
                0.09254473447799683
            ],
            [
                0.49090588092803955,
                -0.38360995054244995,
                0.782211422920227,
                0.4199124574661255
            ],
            [
                0.0,
                0.0,
                0.0,
                1.0
            ]
        ],
        [
            [
                -0.6433302760124207,
                0.7655652761459351,
                0.006003775168210268,
                -0.012920915149152279
            ],
            [
                -0.41158902645111084,
                -0.35246315598487854,
                0.8404547572135925,
                0.05374626815319061
            ],
            [
                0.6455391049385071,
                0.5382189154624939,
                0.5418484210968018,
                0.46897754073143005
            ],
            [
                0.0,
                0.0,
                0.0,
                1.0
            ]
        ],
        [
            [
                0.2800714373588562,
                0.9580143690109253,
                -0.061386656016111374,
                0.016933336853981018
            ],
            [
                -0.5964334011077881,
                0.22375807166099548,
                0.7708433866500854,
                0.03950763866305351
            ],
            [
                0.752214789390564,
                -0.179278165102005,
                0.6340600848197937,
                0.465615451335907
            ],
            [
                0.0,
                0.0,
                0.0,
                1.0
            ]
        ],
        [
            [
                0.9730219841003418,
                0.15607376396656036,
                -0.1699092984199524,
                0.04488195478916168
            ],
            [
                0.057221513241529465,
                0.550187885761261,
                0.8330780267715454,
                0.059672947973012924
            ],
            [
                0.22350364923477173,
                -0.8203257322311401,
                0.526414155960083,
                0.44753721356391907
            ],
            [
                0.0,
                0.0,
                0.0,
                1.0
            ]
        ],
        [
            [
                0.05202622711658478,
                0.9983031749725342,
                0.026153719052672386,
                0.012682897970080376
            ],
            [
                -0.5523349642753601,
                0.006946126464754343,
                0.8335933685302734,
                0.05653960630297661
            ],
            [
                0.8319971561431885,
                -0.0578143335878849,
                0.5517591238021851,
                0.479519248008728
            ],
            [
                0.0,
                0.0,
                0.0,
                1.0
            ]
        ],
        [
            [
                0.3333002030849457,
                0.941819965839386,
                -0.04343141242861748,
                0.021198909729719162
            ],
            [
                -0.5755224227905273,
                0.23972630500793457,
                0.7818601727485657,
                0.04601309075951576
            ],
            [
                0.7467831373214722,
                -0.2355984002351761,
                0.6219391822814941,
                0.4691680669784546
            ],
            [
                0.0,
                0.0,
                0.0,
                1.0
            ]
        ],
        [
            [
                -0.5946141481399536,
                0.8004311323165894,
                -0.07578844577074051,
                0.02821894735097885
            ],
            [
                -0.6639795899391174,
                -0.4357098639011383,
                0.607690691947937,
                0.0943632572889328
            ],
            [
                0.45339271426200867,
                0.4116634428501129,
                0.7905492782592773,
                0.41976845264434814
            ],
            [
                0.0,
                0.0,
                0.0,
                1.0
            ]
        ],
        [
            [
                0.6351362466812134,
                0.7723529934883118,
                0.008530552498996258,
                -0.008332937024533749
            ],
            [
                -0.6227927803993225,
                0.5055519342422485,
                0.5971150398254395,
                0.09674611687660217
            ],
            [
                0.456870973110199,
                -0.3845621645450592,
                0.8021102547645569,
                0.4200725555419922
            ],
            [
                0.0,
                0.0,
                0.0,
                1.0
            ]
        ],
        [
            [
                0.24538035690784454,
                0.9692485332489014,
                0.018597738817334175,
                0.015538266859948635
            ],
            [
                -0.5331332087516785,
                0.11889858543872833,
                0.8376348614692688,
                0.04453910514712334
            ],
            [
                0.8096651434898376,
                -0.21545420587062836,
                0.545913815498352,
                0.46998077630996704
            ],
            [
                0.0,
                0.0,
                0.0,
                1.0
            ]
        ],
        [
            [
                -0.5325374007225037,
                0.8386856913566589,
                -0.11406242102384567,
                0.021697325631976128
            ],
            [
                -0.7130498886108398,
                -0.3719334304332733,
                0.5943276286125183,
                0.088589608669281
            ],
            [
                0.45603054761886597,
                0.3978338837623596,
                0.7960931658744812,
                0.4101698696613312
            ],
            [
                0.0,
                0.0,
                0.0,
                1.0
            ]
        ],
        [
            [
                0.8965650796890259,
                0.13885676860809326,
                -0.4205830991268158,
                0.04603855311870575
            ],
            [
                0.09920872002840042,
                0.8624978065490723,
                0.49624136090278625,
                0.049952324479818344
            ],
            [
                0.4316583573818207,
                -0.4866381883621216,
                0.7595093846321106,
                0.4444189667701721
            ],
            [
                0.0,
                0.0,
                0.0,
                1.0
            ]
        ],
        [
            [
                0.8592929840087891,
                0.5007951259613037,
                0.10401851683855057,
                -0.026475336402654648
            ],
            [
                -0.4423092305660248,
                0.6254228353500366,
                0.6428132057189941,
                0.08178266882896423
            ],
            [
                0.25686219334602356,
                -0.5983732342720032,
                0.7589277029037476,
                0.4289949834346771
            ],
            [
                0.0,
                0.0,
                0.0,
                1.0
            ]
        ],
        [
            [
                -0.6703321933746338,
                0.7386914491653442,
                -0.07063845545053482,
                0.04140221327543259
            ],
            [
                -0.6407510042190552,
                -0.5281721353530884,
                0.5572004914283752,
                0.07543738931417465
            ],
            [
                0.37428995966911316,
                0.41877108812332153,
                0.8273680210113525,
                0.41742634773254395
            ],
            [
                0.0,
                0.0,
                0.0,
                1.0
            ]
        ],
        [
            [
                0.9089098572731018,
                0.036365557461977005,
                -0.4154038727283478,
                0.045678313821554184
            ],
            [
                0.2795683443546295,
                0.6859947443008423,
                0.671753466129303,
                0.05490632355213165
            ],
            [
                0.30939358472824097,
                -0.7266970872879028,
                0.6133407354354858,
                0.4409415125846863
            ],
            [
                0.0,
                0.0,
                0.0,
                1.0
            ]
        ],
        [
            [
                -0.5460509061813354,
                0.835503101348877,
                -0.06134278327226639,
                0.028153646737337112
            ],
            [
                -0.7078367471694946,
                -0.4209669232368469,
                0.5672336220741272,
                0.10087501257658005
            ],
            [
                0.4481021761894226,
                0.353159099817276,
                0.821269154548645,
                0.42577698826789856
            ],
            [
                0.0,
                0.0,
                0.0,
                1.0
            ]
        ]
    ],
    "width": 0.1235,
    "depth": 0.02,
    "score": 0.8470218777656555
}